0
0 32.562056455122 65.12411291024409 32.562056455122 0
10.85401881837401489 21.70803763674802978089 10.85401881837401489 0 10.85401881837401489
52 12
52 11
52 10
52 9
52 10
51 10
51 9
50 9
50 10
51 10
50 10
50 11
49 11
48 11
48 10
49 10
49 11
49 12
50 12
50 11
50 12
51 12
51 11
52 11
52 12
53 12
53 11
54 11
55 11
55 10
55 11
55 10
55 11
55 12
55 13
55 12
54 12
55 12
55 11
54 11
54 12
54 13
55 13
55 14
55 13
55 14
55 13
56 13
57 13
58 13
58 12
58 11
57 11
57 10
57 11
58 11
58 10
58 11
58 10
59 10
60 10
61 10
60 10
59 10
58 10
58 11
58 10
58 9
59 9
59 10
58 10
59 10
60 10
60 11
60 12
60 11
60 10
59 10
58 10
59 10
58 10
59 10
60 10
59 10
60 10
59 10
60 10
60 11
61 11
62 11
61 11
61 12
61 11
61 10
62 10
62 11
62 10
61 10
61 11
60 11
60 12
60 11
61 11
60 11
60 12
59 12
60 12
59 12
58 12
58 13
58 12
58 11
57 11
58 11
57 11
57 12
58 12
59 12
58 12
58 13
57 13
57 12
56 12
57 12
58 12
58 11
58 10
57 10
56 10
56 11
55 11
56 11
56 12
55 12
55 13
55 14
55 13
55 12
55 11
56 11
56 12
57 12
57 11
57 12
57 13
58 13
57 13
57 12
57 13
56 13
56 12
56 13
57 13
56 13
57 13
56 13
57 13
56 13
55 13
55 14
54 14
55 14
54 14
55 14
55 13
55 14
55 13
55 12
55 11
54 11
53 11
53 10
52 10
53 10
52 10
52 11
52 12
53 12
54 12
54 13
55 13
56 13
55 13
55 14
54 14
55 14
55 13
55 14
55 13
56 13
55 13
55 12
55 11
55 12
55 13
55 12
55 11
54 11
53 11
53 10
53 9
52 9
51 9
51 8
50 8
50 7
50 6
50 7
49 7
49 6
48 6
47 6
48 6
48 7
48 8
49 8
48 8
48 9
48 10
47 10
47 9
47 10
47 9
47 8
47 7
47 6
47 5
46 5
45 5
44 5
44 6
45 6
45 5
44 5
43 5
43 4
42 4
43 4
44 4
43 4
43 5
42 5
43 5
43 4
44 4
43 4
43 5
44 5
44 4
43 4
42 4
43 4
43 5
42 5
43 5
42 5
42 6
42 7
42 8
42 7
43 7
43 8
44 8
44 7
43 7
44 7
43 7
43 6
44 6
43 6
43 7
42 7
43 7
43 6
43 5
44 5
44 6
44 7
44 8
43 8
44 8
43 8
44 8
45 8
46 8
46 9
46 10
45 10
46 10
46 9
47 9
48 9
48 10
48 9
47 9
46 9
47 9
46 9
46 10
46 11
46 10
47 10
48 10
47 10
46 10
45 10
46 10
45 10
46 10
45 10
44 10
43 10
43 9
44 9
43 9
44 9
44 8
44 7
44 8
44 9
44 8
45 8
46 8
46 7
45 7
44 7
45 7
45 6
46 6
46 7
46 6
46 5
46 6
47 6
46 6
45 6
45 5
44 5
44 4
44 5
44 6
44 7
44 6
44 5
44 6
44 7
43 7
43 8
42 8
42 9
42 10
43 10
44 10
45 10
45 11
46 11
47 11
47 12
48 12
49 12
49 11
50 11
50 10
49 10
48 10
47 10
46 10
47 10
47 11
47 10
46 10
45 10
46 10
47 10
47 11
47 10
47 11
48 11
47 11
48 11
48 12
48 13
48 14
48 13
48 14
49 14
49 13
50 13
49 13
49 14
49 13
50 13
50 14
50 13
49 13
49 14
50 14
49 14
49 15
50 15
50 14
50 13
51 13
52 13
51 13
51 12
51 13
51 14
51 15
51 14
51 15
51 14
51 15
52 15
52 14
51 14
51 13
51 14
51 13
51 14
51 13
50 13
51 13
52 13
52 14
52 15
51 15
51 14
50 14
51 14
51 13
51 12
51 13
51 14
51 15
51 14
51 13
50 13
51 13
52 13
52 14
52 15
52 14
53 14
52 14
52 13
52 14
52 15
51 15
50 15
51 15
51 14
51 15
50 15
49 15
49 16
49 15
50 15
50 14
51 14
51 13
51 12
51 13
52 13
52 14
52 13
51 13
51 14
51 13
51 12
50 12
50 13
51 13
51 14
52 14
52 13
52 14
52 15
51 15
50 15
51 15
52 15
52 14
52 15
51 15
52 15
51 15
52 15
52 14
53 14
54 14
55 14
55 13
56 13
55 13
56 13
57 13
57 12
57 13
58 13
58 12
57 12
58 12
58 13
57 13
57 12
57 13
57 12
58 12
58 11
58 10
57 10
57 9
57 10
57 9
56 9
56 8
56 9
56 10
56 11
56 10
55 10
55 11
54 11
54 12
54 13
53 13
53 12
53 11
53 10
54 10
54 11
55 11
54 11
53 11
52 11
52 12
51 12
51 11
52 11
51 11
51 12
52 12
52 11
51 11
50 11
49 11
48 11
47 11
48 11
48 12
47 12
46 12
46 13
47 13
47 14
48 14
49 14
49 13
50 13
51 13
52 13
52 12
53 12
54 12
53 12
52 12
52 11
52 12
52 11
52 12
52 11
52 12
51 12
50 12
50 11
51 11
51 10
51 9
51 10
50 10
50 11
50 10
50 11
51 11
51 10
51 9
50 9
50 8
50 9
51 9
52 9
52 8
51 8
52 8
52 9
51 9
51 8
51 7
50 7
50 6
50 7
49 7
50 7
49 7
50 7
50 8
51 8
51 9
51 10
51 11
50 11
50 10
50 9
50 8
51 8
51 7
51 8
52 8
53 8
54 8
53 8
53 9
54 9
53 9
53 10
53 9
52 9
53 9
52 9
53 9
52 9
51 9
51 10
51 9
51 8
51 7
50 7
50 8
51 8
51 9
50 9
50 10
49 10
48 10
48 11
48 12
49 12
49 13
49 12
48 12
48 13
48 14
48 15
48 16
48 15
48 16
48 15
48 14
48 15
49 15
50 15
50 14
51 14
51 15
50 15
49 15
48 15
49 15
49 14
48 14
48 15
47 15
47 16
46 16
46 15
46 14
46 15
47 15
46 15
47 15
47 16
48 16
48 15
47 15
48 15
48 14
47 14
47 15
47 16
46 16
46 17
45 17
44 17
45 17
45 16
44 16
44 17
44 16
44 15
45 15
45 16
46 16
46 17
46 16
47 16
48 16
48 15
49 15
49 14
49 13
49 14
49 15
49 16
49 15
48 15
49 15
48 15
49 15
48 15
47 15
48 15
48 16
49 16
49 15
48 15
47 15
47 16
47 15
46 15
47 15
48 15
47 15
47 14
48 14
48 15
47 15
46 15
45 15
45 14
44 14
44 15
44 14
43 14
43 13
42 13
41 13
41 12
41 13
41 12
41 13
41 12
41 11
42 11
42 10
43 10
43 9
43 10
43 11
43 12
43 13
42 13
42 14
42 13
41 13
42 13
42 14
42 15
43 15
42 15
41 15
41 14
41 15
40 15
39 15
40 15
40 16
40 17
40 18
41 18
41 17
42 17
41 17
42 17
42 18
41 18
40 18
40 17
41 17
42 17
42 16
41 16
40 16
41 16
42 16
41 16
41 15
41 14
42 14
42 15
42 16
41 16
41 17
40 17
40 18
39 18
39 19
38 19
39 19
38 19
37 19
37 20
36 20
37 20
37 19
37 18
37 17
36 17
36 18
35 18
36 18
37 18
36 18
35 18
35 19
35 18
35 19
34 19
35 19
34 19
34 20
33 20
33 21
33 20
33 19
34 19
34 18
35 18
35 17
36 17
36 16
36 17
35 17
35 18
35 19
34 19
34 20
33 20
32 20
32 19
32 20
32 19
31 19
31 20
31 19
30 19
30 18
29 18
29 17
28 17
29 17
30 17
29 17
28 17
27 17
28 17
27 17
26 17
27 17
26 17
26 18
27 18
28 18
28 19
28 20
29 20
28 20
29 20
30 20
31 20
31 21
32 21
32 20
31 20
31 21
31 20
31 21
31 20
31 21
32 21
31 21
31 20
31 19
31 18
31 17
30 17
29 17
30 17
29 17
29 18
29 17
28 17
28 18
28 19
29 19
28 19
27 19
28 19
28 18
29 18
29 17
29 16
29 17
29 16
30 16
30 17
29 17
29 16
29 17
29 18
30 18
29 18
28 18
28 19
27 19
28 19
28 20
29 20
30 20
30 19
31 19
31 18
32 18
33 18
33 19
33 20
33 21
32 21
31 21
31 20
31 19
31 18
32 18
33 18
33 17
33 18
34 18
34 17
35 17
34 17
35 17
36 17
36 16
37 16
38 16
39 16
40 16
40 15
41 15
42 15
43 15
42 15
41 15
40 15
40 14
41 14
41 13
41 12
42 12
43 12
44 12
44 11
43 11
43 12
42 12
42 13
41 13
41 12
40 12
40 13
41 13
41 14
41 13
41 12
41 11
40 11
40 10
40 9
40 10
39 10
40 10
40 11
41 11
42 11
42 10
41 10
42 10
43 10
43 9
43 8
43 9
43 8
43 9
42 9
42 10
42 11
43 11
43 10
43 11
43 10
43 9
43 10
44 10
44 9
45 9
45 10
46 10
46 11
45 11
46 11
46 12
46 11
47 11
47 12
47 13
48 13
48 12
47 12
48 12
48 11
48 10
48 9
48 10
48 9
48 8
48 9
48 8
47 8
48 8
48 9
48 10
48 9
48 10
48 11
48 12
47 12
46 12
46 13
45 13
44 13
43 13
42 13
41 13
40 13
40 14
41 14
41 13
40 13
41 13
42 13
41 13
41 14
41 13
42 13
42 12
41 12
42 12
41 12
41 11
41 10
42 10
43 10
44 10
45 10
45 9
45 8
46 8
45 8
46 8
46 9
46 10
47 10
46 10
45 10
46 10
46 9
46 8
46 7
46 8
47 8
47 9
48 9
49 9
49 10
49 9
49 10
49 11
49 10
49 11
49 12
50 12
51 12
50 12
49 12
49 13
49 12
50 12
50 11
50 12
50 11
50 10
50 9
50 10
51 10
51 9
51 10
52 10
51 10
51 11
52 11
51 11
52 11
53 11
52 11
52 10
52 11
51 11
50 11
50 12
49 12
50 12
50 13
51 13
50 13
50 14
50 15
51 15
50 15
50 14
49 14
50 14
50 13
49 13
48 13
48 14
48 13
49 13
49 12
50 12
51 12
51 11
50 11
50 10
50 9
50 8
51 8
51 7
51 8
51 7
50 7
51 7
51 8
51 7
51 8
51 7
50 7
50 8
50 7
49 7
49 6
50 6
49 6
48 6
49 6
48 6
49 6
48 6
49 6
50 6
49 6
50 6
50 7
49 7
49 8
48 8
49 8
49 9
48 9
47 9
47 10
46 10
45 10
45 11
44 11
45 11
46 11
47 11
47 10
48 10
48 9
48 10
47 10
47 9
48 9
47 9
47 8
46 8
47 8
47 9
47 8
46 8
46 7
46 6
47 6
46 6
46 7
46 6
46 7
46 8
47 8
47 7
47 8
46 8
47 8
47 7
47 6
46 6
46 5
45 5
46 5
47 5
46 5
45 5
44 5
43 5
43 6
42 6
42 5
42 4
41 4
41 3
40 3
41 3
41 4
41 3
40 3
40 4
41 4
41 3
40 3
40 4
40 3
40 4
41 4
40 4
40 5
41 5
40 5
40 6
40 5
41 5
40 5
40 6
40 7
41 7
41 8
41 7
40 7
40 8
39 8
40 8
40 9
39 9
40 9
41 9
41 10
41 11
41 10
40 10
40 9
41 9
40 9
40 10
40 11
40 10
40 11
40 10
39 10
38 10
38 11
37 11
36 11
37 11
37 12
38 12
37 12
36 12
37 12
37 11
37 10
36 10
37 10
37 11
36 11
36 12
35 12
36 12
36 11
35 11
35 12
35 13
34 13
34 14
33 14
32 14
32 15
32 16
32 15
32 16
32 17
31 17
30 17
30 16
29 16
30 16
31 16
30 16
30 15
30 16
30 17
31 17
31 18
31 17
31 18
32 18
31 18
30 18
30 17
30 18
30 17
30 16
30 15
31 15
30 15
31 15
30 15
30 16
31 16
31 15
32 15
33 15
33 16
34 16
34 17
33 17
34 17
34 18
35 18
36 18
36 17
37 17
37 18
37 17
37 16
37 17
37 16
36 16
35 16
35 15
35 14
36 14
37 14
37 15
37 16
38 16
38 17
37 17
38 17
39 17
39 18
40 18
39 18
39 19
40 19
40 18
39 18
39 17
38 17
39 17
38 17
38 16
38 17
39 17
38 17
38 18
37 18
38 18
39 18
40 18
40 17
40 18
39 18
40 18
39 18
40 18
40 19
39 19
40 19
39 19
40 19
39 19
38 19
37 19
36 19
36 20
35 20
34 20
35 20
34 20
34 21
33 21
34 21
34 20
34 21
33 21
33 20
33 21
32 21
32 20
32 21
31 21
32 21
32 20
32 21
33 21
34 21
34 20
34 21
34 20
35 20
36 20
36 19
36 18
36 19
36 18
35 18
35 19
34 19
34 18
34 17
34 18
33 18
33 19
34 19
35 19
34 19
35 19
34 19
33 19
33 20
33 21
32 21
33 21
32 21
33 21
34 21
34 20
33 20
32 20
32 19
33 19
33 18
33 17
33 16
32 16
32 17
31 17
31 16
31 15
30 15
30 14
29 14
30 14
31 14
31 15
32 15
32 16
33 16
33 17
34 17
34 16
34 17
35 17
36 17
37 17
37 16
37 15
37 14
38 14
38 15
39 15
40 15
41 15
40 15
39 15
39 16
39 17
38 17
37 17
38 17
38 18
37 18
37 17
37 18
37 17
37 18
37 17
37 16
38 16
37 16
37 15
38 15
38 16
38 15
37 15
38 15
39 15
40 15
39 15
38 15
38 14
39 14
38 14
39 14
39 13
39 12
38 12
37 12
36 12
37 12
38 12
37 12
37 13
36 13
36 14
36 13
37 13
37 14
37 13
38 13
38 12
37 12
37 11
37 12
36 12
35 12
34 12
34 13
33 13
34 13
35 13
35 14
34 14
33 14
33 15
33 14
33 13
34 13
35 13
35 14
36 14
36 15
36 16
37 16
36 16
36 17
36 18
36 19
36 20
35 20
34 20
35 20
34 20
34 21
33 21
34 21
33 21
32 21
33 21
32 21
32 20
32 21
32 20
33 20
32 20
31 20
31 21
31 20
30 20
29 20
29 19
29 18
28 18
28 17
27 17
28 17
28 16
28 17
29 17
29 18
29 19
30 19
30 18
30 19
29 19
29 18
29 19
28 19
28 20
28 19
28 20
28 19
27 19
26 19
25 19
25 18
24 18
24 17
24 18
23 18
22 18
22 17
22 16
22 17
22 16
22 15
22 14
22 13
22 12
22 13
22 14
21 14
21 15
20 15
20 14
20 13
20 12
20 13
21 13
21 14
20 14
20 13
21 13
20 13
21 13
20 13
19 13
20 13
21 13
20 13
19 13
19 14
20 14
21 14
21 13
21 12
21 11
21 12
20 12
19 12
20 12
21 12
20 12
19 12
19 13
20 13
20 12
21 12
21 13
22 13
21 13
20 13
19 13
19 12
20 12
21 12
22 12
21 12
21 11
22 11
22 12
22 11
22 10
21 10
21 9
20 9
19 9
19 10
20 10
20 9
19 9
19 8
19 9
18 9
18 10
18 9
19 9
20 9
20 10
19 10
20 10
20 11
