0
0 20.2016053 40.4032106 0
0 34.990206785 0 0
15 5
14 5
13 5
13 4
13 5
14 5
14 6
14 5
15 5
14 5
15 5
16 5
16 4
17 4
17 5
18 5
19 5
20 5
20 6
19 6
19 5
18 5
18 6
18 5
18 4
18 3
19 3
20 3
19 3
18 3
18 4
17 4
18 4
17 4
17 3
16 3
16 4
17 4
17 3
17 2
16 2
15 2
16 2
17 2
18 2
19 2
19 3
19 2
19 3
19 4
20 4
20 3
21 3
22 3
21 3
21 4
21 3
21 4
21 5
22 5
23 5
23 6
23 7
22 7
22 6
21 6
20 6
21 6
21 7
22 7
21 7
21 6
21 5
21 4
20 4
21 4
21 5
21 4
22 4
23 4
23 3
24 3
23 3
22 3
21 3
22 3
22 4
22 5
22 6
22 7
23 7
22 7
22 8
22 9
22 8
23 8
23 7
24 7
23 7
24 7
23 7
23 8
24 8
23 8
23 9
23 10
24 10
24 11
25 11
24 11
23 11
23 12
23 13
23 14
23 13
24 13
24 14
23 14
23 13
22 13
23 13
23 12
22 12
22 13
21 13
21 12
22 12
21 12
22 12
22 11
22 10
23 10
23 9
23 10
23 9
24 9
24 10
24 11
23 11
22 11
23 11
23 10
24 10
24 11
24 12
24 11
24 12
23 12
23 11
22 11
22 10
22 11
23 11
22 11
21 11
20 11
21 11
21 10
22 10
22 9
22 8
23 8
23 9
24 9
25 9
26 9
26 10
25 10
24 10
24 9
24 10
23 10
23 11
23 10
24 10
23 10
23 11
23 10
22 10
22 11
21 11
21 12
21 13
21 12
21 13
21 12
22 12
23 12
24 12
24 13
25 13
26 13
26 14
26 15
25 15
24 15
24 14
24 13
23 13
24 13
24 12
23 12
23 13
24 13
24 14
23 14
24 14
25 14
24 14
24 13
23 13
23 14
23 15
24 15
24 14
25 14
24 14
24 13
25 13
24 13
25 13
24 13
23 13
24 13
23 13
23 14
23 13
22 13
23 13
23 12
24 12
24 13
25 13
25 14
25 15
25 16
25 15
25 14
24 14
24 15
23 15
24 15
24 14
23 14
23 13
22 13
22 12
21 12
20 12
21 12
21 11
21 10
20 10
20 9
21 9
21 8
21 7
22 7
21 7
21 6
21 5
22 5
21 5
20 5
19 5
19 6
19 5
19 6
19 7
19 8
19 9
18 9
17 9
17 10
16 10
15 10
14 10
14 11
15 11
15 10
16 10
15 10
15 11
16 11
16 10
15 10
15 9
15 10
15 9
15 10
16 10
17 10
16 10
15 10
15 11
16 11
16 12
16 13
16 12
16 11
17 11
17 12
16 12
16 13
16 12
15 12
15 13
16 13
17 13
17 12
18 12
17 12
17 13
17 12
18 12
19 12
18 12
18 11
17 11
17 12
18 12
17 12
17 11
17 12
18 12
18 13
19 13
19 14
19 15
20 15
20 14
19 14
18 14
19 14
19 15
19 16
19 15
19 14
20 14
20 15
19 15
19 16
19 15
19 16
19 15
19 16
20 16
21 16
21 17
21 16
20 16
21 16
21 15
20 15
20 16
19 16
19 17
20 17
20 18
20 19
20 20
19 20
18 20
17 20
18 20
18 21
18 20
18 19
18 20
18 21
17 21
17 20
17 21
16 21
16 20
17 20
18 20
18 19
17 19
16 19
16 18
17 18
17 17
16 17
15 17
16 17
17 17
17 16
17 15
16 15
16 16
17 16
18 16
17 16
16 16
17 16
17 15
17 16
18 16
18 15
18 14
19 14
19 13
19 12
19 13
19 12
19 13
19 12
20 12
21 12
22 12
23 12
23 11
23 12
22 12
22 13
23 13
23 14
23 15
23 14
23 15
23 16
22 16
21 16
21 17
21 18
22 18
23 18
24 18
24 17
24 18
23 18
23 17
23 18
22 18
22 17
22 16
21 16
20 16
19 16
19 17
20 17
21 17
21 16
21 17
21 18
22 18
22 17
22 16
22 17
22 16
22 17
23 17
23 16
24 16
25 16
26 16
26 15
26 14
26 15
27 15
27 14
27 15
27 16
26 16
26 15
27 15
28 15
29 15
29 16
29 15
29 14
29 13
29 12
29 11
29 10
29 9
29 8
30 8
29 8
29 9
29 8
28 8
28 9
29 9
30 9
31 9
32 9
32 10
33 10
33 11
34 11
34 10
34 9
33 9
33 8
34 8
34 7
34 8
34 7
34 8
34 9
34 8
34 9
34 8
35 8
35 9
34 9
35 9
34 9
34 10
33 10
34 10
33 10
33 9
34 9
35 9
34 9
35 9
34 9
35 9
34 9
33 9
33 10
34 10
33 10
33 11
32 11
31 11
31 12
30 12
31 12
31 13
30 13
29 13
28 13
29 13
28 13
28 14
28 13
29 13
29 12
28 12
27 12
28 12
28 13
29 13
29 14
29 15
29 16
29 15
29 16
28 16
28 15
28 16
28 15
28 16
28 15
29 15
29 14
29 15
30 15
30 16
30 15
30 14
29 14
29 13
30 13
30 14
31 14
32 14
32 13
32 12
33 12
32 12
33 12
32 12
32 11
32 10
32 9
32 8
32 9
33 9
33 8
33 7
32 7
32 6
32 7
31 7
30 7
30 6
30 7
30 6
30 5
30 6
30 7
31 7
32 7
32 6
32 7
32 6
32 5
33 5
33 6
34 6
34 7
34 6
33 6
32 6
33 6
32 6
32 5
32 6
32 5
32 6
33 6
32 6
33 6
32 6
33 6
34 6
34 7
33 7
33 6
32 6
32 7
31 7
30 7
31 7
30 7
30 8
29 8
28 8
28 7
28 8
28 7
28 8
27 8
28 8
28 7
28 8
29 8
30 8
31 8
32 8
31 8
32 8
31 8
31 7
30 7
31 7
31 8
31 7
30 7
30 6
30 7
31 7
31 8
32 8
33 8
32 8
32 9
31 9
31 8
31 9
31 8
31 7
31 8
32 8
31 8
31 7
30 7
30 8
30 7
29 7
28 7
27 7
27 8
27 9
28 9
28 8
27 8
27 7
27 8
27 9
26 9
26 8
26 7
25 7
24 7
23 7
23 6
22 6
23 6
24 6
23 6
24 6
25 6
25 7
25 8
26 8
26 7
26 8
25 8
26 8
26 9
25 9
24 9
24 10
25 10
24 10
24 9
23 9
23 8
23 9
23 8
22 8
21 8
21 7
21 8
21 7
21 6
21 7
21 8
21 9
21 8
21 7
20 7
20 6
19 6
19 5
19 6
18 6
18 5
17 5
17 4
17 3
18 3
19 3
19 4
18 4
18 3
19 3
19 4
19 5
18 5
18 4
19 4
18 4
17 4
16 4
16 5
16 4
16 3
17 3
17 4
16 4
16 5
17 5
16 5
16 4
15 4
16 4
15 4
15 5
15 4
15 5
16 5
17 5
16 5
17 5
16 5
16 4
16 5
17 5
18 5
18 4
19 4
20 4
19 4
20 4
20 3
20 2
20 1
20 2
21 2
22 2
22 1
21 1
22 1
22 2
21 2
21 1
20 1
20 0
19 0
19 1
19 0
18 0
19 0
20 0
21 0
20 0
19 0
18 0
17 0
18 0
19 0
20 0
21 0
21 1
21 2
22 2
21 2
22 2
23 2
22 2
23 2
23 1
22 1
22 2
22 3
22 4
23 4
22 4
22 3
23 3
24 3
25 3
24 3
25 3
26 3
26 2
26 1
25 1
25 0
26 0
26 1
27 1
27 0
26 0
25 0
24 0
25 0
25 1
25 0
26 0
27 0
27 1
28 1
28 2
28 3
28 2
28 1
27 1
27 2
27 1
27 2
28 2
29 2
30 2
30 1
30 2
30 1
31 1
31 2
31 1
32 1
32 0
33 0
33 1
32 1
33 1
32 1
32 0
32 1
31 1
32 1
32 0
33 0
33 1
33 2
34 2
35 2
35 1
35 0
35 1
35 0
35 1
35 2
35 3
36 3
37 3
38 3
38 4
37 4
37 3
37 2
36 2
35 2
34 2
34 3
33 3
32 3
33 3
32 3
33 3
34 3
33 3
33 2
34 2
33 2
33 3
34 3
34 4
35 4
35 5
34 5
33 5
33 6
34 6
33 6
33 5
34 5
34 4
34 5
35 5
35 4
36 4
37 4
38 4
38 3
37 3
36 3
37 3
37 2
37 3
38 3
37 3
37 2
38 2
37 2
37 1
37 0
37 1
38 1
38 2
37 2
38 2
38 1
38 0
37 0
36 0
36 1
36 0
37 0
38 0
38 1
39 1
39 2
38 2
37 2
36 2
35 2
34 2
34 1
35 1
34 1
34 0
35 0
34 0
34 1
35 1
36 1
36 0
37 0
38 0
37 0
38 0
39 0
39 1
38 1
37 1
38 1
38 0
38 1
39 1
39 0
40 0
39 0
38 0
38 1
39 1
39 0
39 1
39 2
39 1
39 2
39 1
39 2
38 2
37 2
38 2
38 3
38 4
38 3
38 2
38 1
39 1
38 1
39 1
39 2
39 1
39 0
39 1
38 1
38 2
38 1
37 1
38 1
38 2
39 2
39 1
38 1
38 0
39 0
38 0
37 0
37 1
38 1
38 2
38 1
39 1
39 0
39 1
38 1
39 1
38 1
38 0
38 1
37 1
37 2
36 2
35 2
35 3
36 3
36 2
36 1
37 1
37 0
36 0
35 0
35 1
35 2
36 2
37 2
37 3
36 3
36 2
37 2
37 1
37 2
37 3
37 4
37 5
37 4
37 5
36 5
37 5
37 4
37 3
37 2
36 2
37 2
36 2
36 1
36 2
35 2
34 2
35 2
35 3
34 3
34 2
34 3
34 2
33 2
33 1
33 2
32 2
32 3
33 3
33 2
34 2
34 3
33 3
34 3
35 3
36 3
35 3
35 4
34 4
33 4
33 5
33 6
33 7
32 7
32 6
31 6
31 5
31 4
32 4
32 5
33 5
33 6
33 5
33 4
33 5
33 6
33 5
32 5
32 4
32 3
31 3
31 4
30 4
29 4
28 4
28 5
28 4
29 4
29 5
29 6
29 5
30 5
30 6
29 6
29 7
30 7
30 6
30 7
30 8
30 9
29 9
30 9
30 10
30 9
29 9
30 9
30 10
31 10
31 11
30 11
31 11
31 10
31 11
31 12
30 12
30 11
29 11
29 10
29 11
30 11
31 11
31 10
31 9
32 9
33 9
33 10
33 11
33 12
32 12
31 12
31 13
30 13
31 13
31 12
31 11
31 10
31 11
31 10
31 11
32 11
32 10
33 10
34 10
33 10
33 9
32 9
33 9
34 9
33 9
34 9
34 10
34 9
35 9
34 9
34 8
34 9
34 8
34 9
35 9
34 9
33 9
32 9
33 9
34 9
33 9
32 9
31 9
31 10
30 10
30 11
29 11
28 11
28 12
28 11
28 10
28 9
27 9
28 9
28 10
28 11
28 10
28 11
27 11
27 10
26 10
27 10
28 10
27 10
26 10
26 11
26 12
26 11
26 12
27 12
27 13
26 13
26 12
27 12
28 12
28 13
28 14
27 14
27 13
26 13
25 13
25 12
26 12
26 11
26 12
26 13
26 12
26 13
26 12
25 12
25 13
24 13
23 13
23 12
24 12
23 12
22 12
22 13
22 12
22 13
23 13
22 13
22 14
22 15
21 15
20 15
19 15
18 15
17 15
16 15
16 14
17 14
17 13
18 13
18 12
18 13
17 13
16 13
17 13
17 14
17 15
17 16
18 16
17 16
17 17
18 17
19 17
18 17
18 18
18 19
18 20
19 20
19 19
18 19
19 19
18 19
17 19
16 19
17 19
17 18
18 18
18 19
17 19
18 19
19 19
18 19
19 19
20 19
21 19
20 19
20 18
21 18
22 18
23 18
23 19
23 20
22 20
21 20
21 21
22 21
22 22
22 21
21 21
21 20
20 20
20 21
20 20
20 19
20 18
20 19
20 20
20 19
19 19
18 19
18 20
18 21
18 20
18 21
18 22
18 21
18 20
18 21
18 20
19 20
19 19
18 19
18 20
18 19
18 18
19 18
18 18
18 17
18 18
18 17
17 17
17 18
17 17
17 16
17 17
18 17
18 16
18 15
19 15
19 16
18 16
18 17
19 17
19 18
19 19
19 20
19 19
19 20
18 20
18 19
17 19
18 19
18 20
18 19
19 19
18 19
18 20
17 20
17 21
16 21
16 22
16 21
15 21
15 22
16 22
16 23
17 23
17 22
17 21
16 21
15 21
15 22
14 22
14 21
15 21
15 20
15 19
15 20
16 20
16 21
17 21
17 20
17 19
16 19
17 19
18 19
17 19
17 20
17 19
17 20
18 20
19 20
20 20
20 19
21 19
20 19
19 19
18 19
18 20
18 21
18 20
17 20
16 20
17 20
16 20
16 21
16 20
15 20
15 21
14 21
15 21
15 20
15 19
16 19
17 19
17 18
16 18
15 18
