0
0 0 36.9910547776561 83.22987324972624 120.22092802738234 120.22092802738234 83.22987324972624 36.9910547776561 0
0 83.22987324972624 46.23881847207013 46.23881847207013 83.22987324972624 0 36.9910547776561 36.9910547776561 0
8 42
8 41
8 40
8 39
7 39
6 39
6 40
5 40
6 40
7 40
7 39
8 39
8 38
7 38
7 39
6 39
6 38
6 37
6 38
6 37
7 37
6 37
7 37
7 38
7 39
8 39
9 39
8 39
8 40
9 40
8 40
9 40
9 39
8 39
9 39
9 40
10 40
11 40
12 40
11 40
11 41
11 40
12 40
13 40
13 39
13 38
13 39
13 40
13 41
13 42
12 42
12 41
12 42
12 41
11 41
11 42
11 43
11 44
12 44
11 44
10 44
11 44
11 45
11 46
10 46
9 46
9 47
9 48
8 48
7 48
6 48
6 49
6 50
6 51
5 51
5 50
5 49
6 49
6 50
5 50
5 49
5 48
6 48
6 47
6 48
5 48
4 48
5 48
6 48
7 48
6 48
7 48
6 48
5 48
5 49
5 50
5 51
4 51
4 52
3 52
3 53
3 52
4 52
5 52
5 51
6 51
6 52
7 52
7 51
7 52
7 51
8 51
8 50
7 50
8 50
7 50
7 51
6 51
6 52
6 51
7 51
7 52
8 52
8 53
9 53
9 52
10 52
11 52
11 53
10 53
10 52
10 53
10 54
9 54
9 55
9 56
9 57
10 57
10 56
9 56
9 55
9 54
10 54
10 53
10 52
10 51
9 51
9 50
8 50
7 50
7 51
7 50
7 51
8 51
8 50
9 50
9 49
9 50
9 51
9 52
9 53
8 53
7 53
8 53
8 54
8 55
8 56
8 55
8 56
7 56
7 57
8 57
8 58
9 58
10 58
10 57
10 58
10 59
10 58
10 59
11 59
11 58
11 59
11 60
11 59
11 60
12 60
11 60
11 61
11 60
12 60
12 59
11 59
11 60
11 59
11 58
12 58
12 57
12 56
12 55
13 55
13 56
12 56
13 56
13 57
12 57
12 56
11 56
10 56
10 55
10 56
9 56
9 55
9 56
10 56
10 55
10 56
11 56
12 56
13 56
13 57
13 56
13 55
13 54
13 53
14 53
14 54
13 54
13 53
12 53
12 52
12 51
12 52
12 51
12 50
12 51
13 51
13 50
13 49
14 49
13 49
14 49
14 50
14 49
15 49
15 50
14 50
14 51
13 51
13 52
12 52
13 52
12 52
12 53
13 53
14 53
15 53
15 54
14 54
14 53
14 52
14 51
13 51
12 51
13 51
13 50
12 50
12 49
12 48
12 49
12 50
12 51
12 50
11 50
11 51
11 50
11 49
10 49
9 49
8 49
8 48
8 49
9 49
8 49
8 48
8 49
8 48
8 49
8 50
7 50
8 50
9 50
10 50
10 49
9 49
10 49
10 48
11 48
11 47
11 46
12 46
13 46
13 45
12 45
12 44
13 44
12 44
12 43
12 44
11 44
10 44
10 45
11 45
11 44
12 44
11 44
11 43
12 43
12 44
12 43
12 42
11 42
11 41
12 41
13 41
13 40
14 40
13 40
12 40
13 40
13 39
13 40
12 40
12 41
12 40
13 40
13 39
13 40
13 39
13 40
14 40
13 40
13 41
13 42
13 43
14 43
14 42
14 43
14 42
15 42
14 42
14 43
13 43
12 43
12 44
12 45
12 44
12 43
12 42
12 43
12 44
12 43
12 42
12 41
12 40
11 40
11 39
10 39
11 39
10 39
10 40
9 40
9 41
9 42
9 43
9 44
8 44
8 45
9 45
10 45
9 45
9 46
8 46
9 46
8 46
8 45
8 46
8 47
7 47
8 47
8 48
9 48
9 49
9 48
8 48
8 49
9 49
8 49
8 48
7 48
7 49
7 50
7 49
6 49
6 50
6 49
6 48
6 49
7 49
8 49
7 49
8 49
8 50
8 49
7 49
7 48
8 48
7 48
7 47
7 46
7 47
8 47
9 47
9 48
9 47
8 47
8 48
9 48
9 47
9 46
9 47
8 47
7 47
6 47
5 47
5 48
4 48
4 49
4 50
4 49
4 50
5 50
5 51
5 52
5 53
5 54
4 54
4 53
5 53
6 53
6 52
6 53
7 53
7 52
7 53
7 54
6 54
5 54
6 54
6 55
6 56
5 56
6 56
6 57
7 57
8 57
8 56
8 55
8 56
7 56
6 56
6 57
5 57
5 56
5 57
6 57
5 57
6 57
6 56
5 56
6 56
7 56
7 55
7 56
6 56
6 55
5 55
4 55
4 56
4 55
5 55
5 54
5 53
4 53
3 53
3 52
3 51
3 50
4 50
4 51
5 51
4 51
5 51
4 51
3 51
2 51
3 51
3 52
2 52
3 52
3 51
4 51
5 51
4 51
5 51
5 52
4 52
5 52
5 51
6 51
6 52
6 51
6 50
6 49
6 50
6 51
7 51
8 51
9 51
9 52
9 53
9 54
8 54
7 54
6 54
6 55
6 54
7 54
7 53
7 54
6 54
5 54
5 55
5 56
5 55
5 54
4 54
3 54
3 55
4 55
5 55
5 54
5 55
5 54
6 54
7 54
7 53
8 53
9 53
9 52
8 52
7 52
7 51
6 51
7 51
7 52
8 52
8 53
9 53
9 54
10 54
11 54
10 54
10 55
11 55
10 55
10 56
9 56
10 56
9 56
9 57
9 58
9 59
8 59
7 59
6 59
5 59
5 58
4 58
3 58
4 58
4 57
4 56
5 56
5 57
5 56
5 57
4 57
4 58
4 57
4 58
3 58
2 58
1 58
0 58
0 59
-1 59
-2 59
-2 58
-1 58
-2 58
-3 58
-2 58
-3 58
-4 58
-4 59
-4 58
-4 57
-4 56
-5 56
-5 57
-5 56
-4 56
-3 56
-3 55
-3 56
-3 55
-4 55
-5 55
-5 56
-5 55
-6 55
-6 56
-6 55
-6 56
-7 56
-7 55
-8 55
-7 55
-6 55
-5 55
-4 55
-4 54
-4 55
-4 56
-4 55
-5 55
-4 55
-3 55
-3 54
-3 53
-3 54
-4 54
-5 54
-5 55
-5 56
-5 57
-5 58
-4 58
-4 59
-5 59
-6 59
-6 58
-7 58
-7 57
-7 58
-6 58
-7 58
-7 59
-8 59
-7 59
-7 60
-6 60
-5 60
-5 59
-6 59
-7 59
-6 59
-6 60
-7 60
-7 61
-8 61
-8 62
-8 63
-8 64
-9 64
-9 63
-8 63
-9 63
-9 62
-8 62
-7 62
-7 61
-7 62
-7 61
-7 62
-7 61
-6 61
-7 61
-8 61
-9 61
-9 62
-10 62
-11 62
-12 62
-13 62
-13 61
-13 62
-12 62
-11 62
-12 62
-12 61
-11 61
-11 60
-10 60
-10 61
-10 62
-11 62
-11 63
-12 63
-13 63
-13 64
-13 63
-13 64
-14 64
-14 63
-13 63
-12 63
-13 63
-12 63
-11 63
-12 63
-12 64
-12 63
-12 62
-11 62
-11 63
-11 64
-11 63
-11 62
-12 62
-12 63
-11 63
-10 63
-9 63
-9 64
-10 64
-10 63
-10 62
-11 62
-12 62
-11 62
-12 62
-12 61
-11 61
-11 62
-11 63
-12 63
-11 63
-12 63
-13 63
-13 62
-12 62
-11 62
-11 61
-12 61
-13 61
-13 62
-13 63
-13 64
-14 64
-14 63
-14 64
-15 64
-15 65
-16 65
-15 65
-15 66
-16 66
-16 65
-16 64
-17 64
-17 65
-18 65
-19 65
-19 66
-19 67
-19 68
-19 67
-18 67
-18 68
-18 69
-17 69
-17 70
-17 69
-18 69
-18 68
-18 67
-18 68
-18 69
-17 69
-17 70
-18 70
-19 70
-19 69
-19 70
-19 69
-19 70
-19 71
-18 71
-17 71
-18 71
-18 70
-18 69
-18 68
-18 67
-18 68
-18 67
-17 67
-18 67
-18 68
-18 69
-19 69
-20 69
-21 69
-21 68
-21 67
-21 68
-21 67
-21 68
-20 68
-20 67
-20 68
-20 69
-19 69
-19 68
-19 69
-19 68
-18 68
-17 68
-17 67
-16 67
-16 68
-15 68
-16 68
-16 69
-16 68
-15 68
-15 67
-15 68
-14 68
-13 68
-13 67
-12 67
-13 67
-13 68
-13 69
-13 68
-13 67
-13 66
-13 65
-13 66
-12 66
-12 67
-13 67
-12 67
-11 67
-11 68
-10 68
-9 68
-10 68
-9 68
-9 67
-9 66
-9 65
-10 65
-10 66
-10 65
-9 65
-8 65
-8 66
-8 67
-7 67
-7 66
-7 65
-8 65
-8 64
-8 65
-9 65
-9 66
-10 66
-11 66
-11 67
-12 67
-11 67
-12 67
-11 67
-11 66
-12 66
-11 66
-11 67
-10 67
-10 68
-10 69
-9 69
-8 69
-7 69
-6 69
-6 68
-7 68
-8 68
-9 68
-10 68
-10 69
-10 70
-10 69
-9 69
-9 70
-9 69
-10 69
-9 69
-8 69
-9 69
-8 69
-9 69
-10 69
-10 68
-10 67
-9 67
-8 67
-8 68
-8 67
-8 66
-7 66
-7 67
-6 67
-7 67
-7 66
-7 67
-7 68
-6 68
-6 67
-5 67
-5 66
-4 66
-5 66
-5 67
-4 67
-5 67
-6 67
-7 67
-7 66
-6 66
-6 65
-7 65
-8 65
-9 65
-9 66
-9 67
-9 68
-9 67
-9 68
-9 69
-8 69
-7 69
-8 69
-8 68
-7 68
-7 69
-7 68
-7 67
-7 68
-6 68
-6 67
-6 68
-5 68
-5 69
-5 68
-5 69
-5 70
-6 70
-6 69
-5 69
-5 70
-5 69
-5 68
-5 67
-4 67
-5 67
-5 68
-6 68
-7 68
-7 67
-8 67
-7 67
-6 67
-6 66
-5 66
-4 66
-4 67
-3 67
-2 67
-2 68
-1 68
0 68
-1 68
-2 68
-2 69
-3 69
-3 68
-2 68
-1 68
-2 68
-3 68
-4 68
-4 67
-4 68
-5 68
-5 67
-6 67
-5 67
-5 66
-5 67
-5 68
-5 67
-4 67
-3 67
-3 68
-2 68
-3 68
-3 69
-2 69
-1 69
-1 68
-1 69
-1 70
-1 69
-2 69
-1 69
-1 70
-2 70
-2 71
-1 71
0 71
1 71
2 71
3 71
4 71
4 72
3 72
3 71
3 70
4 70
5 70
5 71
6 71
6 70
6 69
6 70
7 70
7 71
8 71
8 70
7 70
8 70
8 69
7 69
8 69
8 68
8 67
8 68
7 68
7 69
6 69
6 70
5 70
4 70
3 70
3 69
2 69
3 69
4 69
4 68
4 67
4 66
4 65
4 66
4 67
5 67
4 67
4 68
3 68
2 68
3 68
4 68
5 68
6 68
7 68
6 68
6 69
7 69
8 69
9 69
10 69
10 68
10 69
9 69
10 69
9 69
9 70
9 69
10 69
10 70
9 70
10 70
10 69
10 70
10 69
11 69
10 69
10 68
10 69
10 70
11 70
10 70
9 70
9 69
9 68
9 69
9 70
9 71
9 70
9 69
10 69
10 70
11 70
12 70
12 71
11 71
11 70
10 70
10 69
10 70
10 71
10 70
10 71
10 72
10 73
11 73
12 73
12 72
11 72
10 72
9 72
9 71
10 71
11 71
12 71
12 70
13 70
14 70
13 70
14 70
15 70
15 69
15 68
15 67
16 67
15 67
16 67
17 67
17 66
16 66
15 66
15 67
14 67
14 66
14 65
14 64
15 64
15 63
15 64
15 65
15 64
15 65
16 65
16 64
17 64
17 63
16 63
17 63
16 63
16 62
17 62
17 63
17 62
17 61
16 61
15 61
15 60
15 59
16 59
16 58
17 58
17 59
17 58
18 58
18 59
19 59
18 59
18 58
17 58
17 57
16 57
16 58
17 58
18 58
17 58
17 59
17 58
17 57
17 58
16 58
16 59
16 58
16 57
15 57
15 58
16 58
16 59
15 59
16 59
16 60
17 60
16 60
15 60
16 60
15 60
14 60
14 61
14 62
13 62
14 62
14 61
14 60
14 59
14 58
14 59
14 60
13 60
12 60
12 61
12 62
12 61
13 61
14 61
13 61
14 61
14 60
14 59
13 59
12 59
11 59
11 60
10 60
9 60
9 59
8 59
9 59
10 59
10 58
10 57
10 56
10 57
10 58
10 59
10 60
11 60
11 61
12 61
11 61
10 61
11 61
11 60
10 60
10 59
11 59
10 59
10 58
10 57
10 56
10 57
11 57
11 56
11 57
10 57
10 56
10 57
9 57
9 56
8 56
9 56
9 55
10 55
10 56
10 55
10 54
10 53
11 53
11 52
12 52
12 53
12 54
13 54
13 55
13 54
13 53
13 54
12 54
11 54
11 53
10 53
10 52
9 52
8 52
7 52
7 51
7 52
7 53
8 53
9 53
8 53
7 53
7 54
8 54
9 54
8 54
8 55
8 54
9 54
8 54
7 54
7 55
7 54
7 53
6 53
6 52
7 52
7 51
6 51
7 51
7 52
7 51
8 51
9 51
9 52
8 52
8 53
9 53
9 52
8 52
8 53
8 54
9 54
8 54
7 54
7 55
8 55
7 55
6 55
6 54
6 55
6 56
7 56
7 55
7 56
6 56
5 56
5 55
6 55
6 56
6 57
6 56
5 56
5 55
5 56
6 56
7 56
6 56
5 56
4 56
4 55
5 55
5 54
4 54
3 54
2 54
1 54
0 54
0 53
-1 53
-1 54
-1 55
0 55
0 54
-1 54
0 54
0 55
0 56
-1 56
-2 56
-2 55
-3 55
-4 55
-4 56
-3 56
-3 57
-3 56
-3 55
-3 56
-2 56
-3 56
-3 57
-3 56
-3 57
-3 58
-2 58
-1 58
-1 57
0 57
1 57
1 56
0 56
1 56
2 56
2 57
1 57
2 57
1 57
0 57
0 56
-1 56
-2 56
-3 56
-3 55
-4 55
-4 54
-5 54
-5 55
-5 54
-6 54
-6 55
-7 55
-7 54
-6 54
-7 54
-8 54
-8 53
-7 53
-7 52
-7 53
-6 53
-7 53
-7 52
-7 53
-8 53
-9 53
-9 52
-9 51
-10 51
-10 52
-10 51
-10 52
-10 51
-10 50
-11 50
-10 50
-9 50
-9 49
-9 50
-8 50
-8 49
-9 49
-9 48
-9 49
-8 49
-9 49
-8 49
-8 50
-8 49
-8 50
-8 51
-7 51
-6 51
-5 51
-4 51
-5 51
-4 51
-4 52
-4 51
-4 52
-5 52
-5 51
-5 52
-5 53
-4 53
-3 53
-2 53
-2 52
-2 51
-3 51
-3 52
-3 53
-3 54
-3 53
-3 54
-2 54
-3 54
-2 54
-2 55
-3 55
-3 54
-4 54
-5 54
-6 54
-5 54
-6 54
-7 54
-7 53
-6 53
-6 52
-6 53
-6 52
-5 52
-5 51
-4 51
-4 50
-5 50
-6 50
-7 50
-8 50
-8 49
-7 49
-7 48
-8 48
-9 48
-9 49
-9 50
-9 51
-9 52
-9 53
-9 52
-8 52
-9 52
-8 52
-9 52
-10 52
-10 51
-10 52
-9 52
-8 52
-9 52
-8 52
-7 52
-7 51
-6 51
-5 51
-5 52
-6 52
-6 53
-6 52
-7 52
-7 53
-7 52
-7 51
-7 52
-6 52
-6 51
-5 51
-4 51
-5 51
-5 50
-5 49
-5 48
-4 48
-4 49
-3 49
-4 49
-3 49
-3 50
-4 50
-4 49
-4 48
-4 49
-3 49
-2 49
-1 49
0 49
0 48
0 49
1 49
1 48
2 48
2 49
3 49
4 49
4 50
3 50
3 49
3 48
4 48
5 48
5 47
6 47
6 46
5 46
5 45
5 44
4 44
4 45
3 45
2 45
2 46
2 45
2 44
3 44
4 44
5 44
5 43
5 42
5 41
6 41
6 42
7 42
6 42
5 42
6 42
6 43
7 43
7 44
8 44
8 43
7 43
7 44
6 44
6 45
6 46
5 46
5 45
5 44
6 44
6 45
7 45
6 45
5 45
5 44
5 43
6 43
6 42
7 42
7 43
7 42
7 41
7 42
7 41
8 41
7 41
8 41
7 41
7 40
6 40
6 39
7 39
8 39
8 40
8 41
8 40
7 40
7 39
8 39
8 40
8 39
7 39
7 38
8 38
8 37
7 37
7 38
7 39
6 39
5 39
5 38
5 39
5 40
6 40
6 39
7 39
7 40
8 40
9 40
9 41
8 41
9 41
8 41
8 40
8 39
8 38
8 39
8 38
8 37
7 37
7 36
7 35
7 36
8 36
7 36
6 36
6 35
6 36
5 36
4 36
5 36
6 36
6 37
5 37
4 37
4 38
4 39
5 39
6 39
6 40
6 41
6 42
5 42
6 42
5 42
6 42
6 41
5 41
4 41
4 42
4 41
4 42
3 42
3 43
3 44
3 43
4 43
4 44
3 44
3 43
2 43
2 42
3 42
4 42
4 43
4 42
4 41
5 41
6 41
6 42
6 43
6 42
6 43
5 43
6 43
6 42
5 42
4 42
4 43
4 42
4 41
5 41
6 41
6 42
6 43
5 43
5 44
5 43
6 43
6 44
6 43
7 43
8 43
9 43
9 42
10 42
10 41
11 41
10 41
11 41
12 41
11 41
10 41
10 40
11 40
11 39
11 38
12 38
12 39
12 38
12 37
11 37
12 37
11 37
12 37
13 37
13 36
13 35
14 35
14 36
14 35
14 36
13 36
14 36
14 35
14 36
15 36
15 35
14 35
14 34
14 35
14 34
13 34
13 33
12 33
12 32
13 32
13 33
12 33
12 32
13 32
14 32
13 32
14 32
13 32
12 32
12 33
13 33
13 32
13 33
13 32
12 32
11 32
11 33
11 34
10 34
10 35
10 34
11 34
11 35
11 36
10 36
10 35
9 35
10 35
10 34
10 35
10 34
10 35
10 36
10 37
10 38
10 37
9 37
8 37
8 38
9 38
10 38
9 38
9 39
9 40
8 40
8 41
7 41
6 41
7 41
7 40
7 39
8 39
8 38
7 38
7 37
6 37
7 37
7 36
7 37
8 37
8 36
9 36
10 36
10 35
9 35
9 36
9 37
9 38
9 39
10 39
10 40
11 40
11 39
11 38
11 39
11 40
12 40
11 40
11 41
11 42
10 42
10 43
10 44
11 44
11 43
11 42
10 42
11 42
12 42
13 42
12 42
12 43
12 42
12 41
12 40
12 39
11 39
12 39
11 39
10 39
9 39
10 39
10 38
9 38
8 38
8 37
8 36
8 37
7 37
8 37
8 38
7 38
7 39
7 38
7 37
7 36
8 36
9 36
10 36
11 36
11 35
11 34
10 34
11 34
11 35
11 34
10 34
11 34
12 34
11 34
12 34
12 33
12 34
12 35
12 34
13 34
13 33
13 34
14 34
13 34
13 35
12 35
12 36
11 36
10 36
9 36
8 36
7 36
7 35
7 36
7 37
8 37
7 37
7 36
6 36
6 35
6 36
7 36
6 36
5 36
4 36
4 35
5 35
4 35
4 36
4 37
4 38
4 39
3 39
3 40
2 40
3 40
3 41
2 41
2 42
2 43
2 42
3 42
3 41
4 41
3 41
3 40
4 40
4 39
4 38
4 39
4 40
3 40
2 40
3 40
4 40
4 41
4 42
4 41
5 41
5 40
5 39
6 39
6 40
6 39
6 40
6 41
6 40
5 40
4 40
4 39
4 38
3 38
4 38
3 38
3 39
2 39
2 38
2 39
2 40
3 40
2 40
3 40
4 40
5 40
6 40
6 41
6 42
7 42
7 41
7 42
7 41
8 41
9 41
9 40
8 40
8 39
9 39
8 39
9 39
10 39
10 40
9 40
8 40
7 40
8 40
7 40
7 41
7 40
7 39
7 40
8 40
7 40
7 41
6 41
6 42
6 43
5 43
4 43
3 43
2 43
3 43
4 43
4 42
3 42
4 42
4 43
5 43
5 42
6 42
7 42
7 41
7 40
6 40
6 39
7 39
6 39
7 39
6 39
6 38
7 38
7 37
6 37
7 37
7 36
7 35
6 35
5 35
5 34
5 35
6 35
6 34
5 34
4 34
3 34
4 34
4 35
5 35
6 35
6 36
6 35
5 35
5 34
6 34
6 35
6 36
6 35
5 35
6 35
6 34
7 34
6 34
6 33
6 34
5 34
5 35
6 35
6 36
7 36
7 37
8 37
9 37
9 38
8 38
9 38
9 39
8 39
9 39
9 38
9 37
8 37
8 36
8 35
9 35
8 35
9 35
9 36
10 36
9 36
9 37
9 38
9 39
9 38
9 39
10 39
10 38
10 39
10 38
9 38
9 39
9 38
10 38
9 38
9 39
10 39
9 39
8 39
7 39
7 38
8 38
9 38
8 38
8 37
8 38
8 39
8 40
9 40
9 39
9 38
9 39
8 39
9 39
9 40
10 40
10 39
11 39
10 39
10 38
10 39
10 40
10 39
11 39
11 38
11 37
12 37
12 36
12 35
11 35
10 35
11 35
10 35
11 35
12 35
11 35
11 34
12 34
12 33
12 34
12 35
12 34
13 34
12 34
11 34
12 34
12 35
11 35
11 36
11 35
12 35
12 36
13 36
14 36
14 35
15 35
16 35
15 35
14 35
13 35
13 34
14 34
15 34
15 35
15 34
15 35
16 35
16 36
15 36
15 37
16 37
15 37
14 37
14 38
15 38
16 38
16 39
15 39
15 40
15 41
14 41
14 40
14 41
15 41
15 42
16 42
16 43
15 43
14 43
14 44
15 44
16 44
15 44
16 44
16 43
16 44
16 45
16 44
16 43
15 43
15 42
15 41
14 41
14 40
14 39
14 40
15 40
14 40
14 39
14 38
15 38
14 38
14 39
14 38
14 39
14 38
14 39
14 40
14 39
14 38
13 38
14 38
14 39
14 38
13 38
13 39
13 40
14 40
13 40
12 40
12 41
12 40
13 40
12 40
13 40
12 40
13 40
14 40
13 40
13 39
12 39
13 39
13 38
14 38
13 38
13 37
12 37
11 37
10 37
11 37
10 37
10 38
10 37
9 37
10 37
9 37
9 38
9 39
8 39
9 39
9 38
9 39
10 39
11 39
11 38
12 38
12 39
11 39
12 39
13 39
13 38
13 39
13 38
13 37
13 38
12 38
11 38
11 37
10 37
9 37
10 37
10 38
9 38
10 38
10 39
9 39
8 39
7 39
6 39
6 38
6 39
7 39
6 39
7 39
7 38
6 38
6 39
7 39
6 39
6 38
5 38
6 38
6 37
6 38
5 38
5 37
5 36
4 36
5 36
4 36
4 37
5 37
6 37
6 36
5 36
5 37
4 37
4 36
3 36
4 36
4 35
3 35
4 35
3 35
3 34
3 35
3 34
4 34
4 35
5 35
4 35
4 34
4 33
5 33
4 33
5 33
6 33
6 34
6 35
7 35
7 34
7 35
7 36
7 35
7 36
8 36
8 37
9 37
8 37
7 37
6 37
6 38
5 38
6 38
6 39
6 38
5 38
5 39
6 39
5 39
5 38
4 38
3 38
3 37
3 38
2 38
3 38
3 39
3 40
4 40
5 40
4 40
4 39
4 38
5 38
5 37
4 37
3 37
4 37
3 37
3 36
4 36
4 37
3 37
2 37
2 36
2 35
3 35
4 35
5 35
4 35
5 35
4 35
3 35
4 35
4 36
3 36
2 36
2 35
2 36
2 35
1 35
0 35
0 36
1 36
1 35
0 35
0 36
-1 36
-1 37
0 37
1 37
1 38
2 38
1 38
2 38
2 39
3 39
4 39
3 39
3 40
2 40
2 41
2 40
3 40
3 41
3 42
4 42
4 41
5 41
5 40
6 40
6 41
6 40
6 41
6 40
6 39
6 40
6 41
6 42
6 41
6 40
6 39
6 40
7 40
7 41
8 41
8 42
7 42
7 41
7 42
7 41
7 42
7 43
8 43
7 43
6 43
6 42
6 43
7 43
7 42
7 43
7 42
7 43
8 43
8 42
8 41
9 41
10 41
10 40
9 40
9 41
8 41
8 40
8 41
8 42
9 42
9 43
8 43
9 43
9 42
9 41
9 42
8 42
7 42
7 41
7 42
6 42
5 42
5 43
5 44
6 44
5 44
6 44
6 45
7 45
7 46
7 45
7 44
7 45
7 44
7 45
6 45
6 46
6 47
6 48
7 48
7 47
6 47
6 48
6 49
6 50
7 50
6 50
6 49
7 49
7 48
7 49
7 48
6 48
6 47
5 47
5 48
5 49
4 49
3 49
2 49
3 49
3 50
4 50
4 49
5 49
5 50
5 51
6 51
7 51
6 51
6 50
6 51
7 51
7 50
8 50
7 50
7 49
7 48
6 48
5 48
5 49
5 50
6 50
7 50
7 51
7 52
6 52
5 52
5 51
5 50
4 50
3 50
3 49
2 49
1 49
0 49
0 50
-1 50
-1 49
-1 50
-1 49
-1 50
-1 49
-1 50
0 50
-1 50
-1 51
-1 52
-1 53
-2 53
-2 52
-1 52
0 52
1 52
2 52
3 52
3 51
2 51
2 50
3 50
4 50
3 50
3 51
3 52
3 51
4 51
4 50
5 50
4 50
3 50
2 50
3 50
3 51
3 52
3 51
3 52
4 52
5 52
5 51
4 51
4 52
3 52
2 52
3 52
4 52
3 52
2 52
2 51
1 51
1 50
0 50
-1 50
-1 49
-1 50
-1 49
-1 48
0 48
-1 48
-1 49
0 49
-1 49
-1 48
-1 49
0 49
0 48
1 48
2 48
1 48
0 48
-1 48
-2 48
-1 48
-1 47
-1 48
-1 49
-1 50
0 50
-1 50
0 50
0 49
-1 49
-1 48
-1 47
-1 46
-1 45
-1 46
-1 47
-2 47
-3 47
-3 48
-3 47
-4 47
-3 47
-3 48
-3 49
-3 48
-2 48
-3 48
-3 47
-2 47
-1 47
-1 48
-1 49
-2 49
-2 48
-2 47
-2 46
-3 46
-3 47
-3 46
-3 47
-3 46
-3 45
-2 45
-2 46
-1 46
0 46
0 45
1 45
1 46
1 45
2 45
2 46
3 46
2 46
2 47
2 48
1 48
0 48
-1 48
-2 48
-1 48
-1 47
-2 47
-1 47
-1 46
-1 47
-1 46
-1 45
-2 45
-2 44
-2 43
-2 42
-2 43
-3 43
-3 42
-4 42
-3 42
-4 42
-4 43
-4 42
-3 42
-3 43
-3 44
-3 45
-2 45
-3 45
-3 46
-4 46
-3 46
-2 46
-2 45
-2 46
-2 45
-1 45
-2 45
-2 46
-3 46
-2 46
-1 46
-2 46
-3 46
-4 46
-4 45
-4 46
-5 46
-4 46
-4 47
-5 47
-6 47
-6 46
-7 46
-8 46
-9 46
-8 46
-8 47
-8 46
-9 46
-8 46
-8 47
-7 47
-7 48
-8 48
-8 49
-8 48
-7 48
-7 49
-7 50
-7 49
-8 49
-8 50
-8 51
-7 51
-8 51
-8 52
-7 52
-7 53
-6 53
-5 53
-4 53
-5 53
-5 54
-4 54
-5 54
-4 54
-5 54
-6 54
-6 55
-6 56
-5 56
-5 57
-5 58
-4 58
-5 58
-6 58
-7 58
-7 57
-6 57
-6 58
-5 58
-5 59
-4 59
-3 59
-3 60
-2 60
-3 60
-3 61
-2 61
-1 61
-1 62
-2 62
-2 63
-2 64
-2 63
-1 63
0 63
1 63
2 63
2 62
2 63
2 64
2 63
3 63
4 63
5 63
4 63
4 64
4 63
4 62
5 62
6 62
6 61
6 60
6 59
5 59
5 58
5 59
5 60
5 61
5 60
6 60
7 60
7 61
8 61
8 62
8 63
8 64
7 64
8 64
9 64
8 64
7 64
7 65
7 64
6 64
6 65
6 64
5 64
4 64
5 64
5 65
6 65
6 66
6 65
5 65
5 64
5 65
5 64
5 65
4 65
4 66
4 65
4 66
4 67
4 68
4 69
3 69
3 70
4 70
3 70
4 70
4 71
5 71
6 71
7 71
7 72
7 73
7 72
6 72
5 72
5 73
6 73
6 72
5 72
6 72
6 71
6 72
5 72
4 72
4 73
3 73
3 74
4 74
3 74
3 75
3 74
2 74
3 74
3 75
3 74
3 75
3 74
3 75
3 76
3 75
3 76
4 76
4 75
4 76
4 77
4 76
4 77
5 77
4 77
4 76
3 76
3 77
3 78
3 79
2 79
3 79
3 80
4 80
3 80
2 80
3 80
3 79
4 79
4 80
5 80
5 79
5 78
5 79
5 80
4 80
3 80
3 79
4 79
4 80
4 79
3 79
4 79
3 79
3 80
4 80
3 80
2 80
2 81
2 82
2 83
2 82
2 81
1 81
2 81
1 81
0 81
0 82
0 81
0 80
0 79
1 79
1 78
1 79
0 79
0 80
0 81
-1 81
-1 82
-1 83
0 83
-1 83
-1 84
-1 85
-1 84
-1 85
-1 84
-1 85
-2 85
-2 84
-2 85
-3 85
-3 86
-3 85
-2 85
-2 86
-2 85
-1 85
-2 85
-3 85
-3 86
-2 86
-2 87
-3 87
-3 88
-2 88
-2 87
-3 87
-3 88
-3 89
-3 90
-3 89
-3 88
-2 88
-3 88
-4 88
-4 89
-4 88
-4 89
-4 88
-4 87
-4 88
-4 89
-4 88
-4 87
-4 88
-4 87
-4 86
-4 87
-5 87
-6 87
-6 86
-6 87
-6 88
-6 89
-6 90
-7 90
-7 89
-8 89
-8 88
-8 89
-7 89
-8 89
-7 89
-8 89
-8 90
-8 91
-8 92
-8 93
-8 92
-9 92
-9 93
-8 93
-8 92
-8 93
-9 93
-9 92
-8 92
-8 93
-8 92
-8 91
-9 91
-9 92
-10 92
-10 91
-9 91
-10 91
-11 91
-12 91
-13 91
-13 92
-13 93
-14 93
-15 93
-14 93
-15 93
-15 92
-14 92
-13 92
-13 93
-14 93
-15 93
-16 93
-16 92
-17 92
-17 93
-17 92
-17 93
-17 92
-18 92
-18 91
-18 90
-18 89
-18 88
-18 87
-19 87
-19 86
-20 86
-19 86
-20 86
-21 86
-21 87
-21 88
-20 88
-21 88
-22 88
-23 88
-23 89
-24 89
-25 89
-25 90
-25 91
-25 90
-26 90
-25 90
-25 89
-26 89
-25 89
-24 89
-23 89
-24 89
-24 88
-25 88
-26 88
-26 89
-26 90
-27 90
-27 89
-26 89
-25 89
-25 90
-26 90
-26 91
-26 92
-26 93
-25 93
-25 92
-26 92
-25 92
-25 91
-24 91
-24 92
-24 93
-24 92
-24 93
-24 94
-25 94
-26 94
-26 93
-25 93
-25 92
-25 91
-26 91
-25 91
-25 90
-25 89
-25 88
-25 87
-25 86
-26 86
-27 86
-28 86
-27 86
-26 86
-26 87
-26 86
-26 85
-26 84
-27 84
-28 84
-27 84
-27 83
-26 83
-26 82
-27 82
-27 83
-27 82
-27 83
-26 83
-26 82
-25 82
-25 81
-25 80
-24 80
-24 81
-24 82
-25 82
-24 82
-24 81
-24 82
-24 81
-23 81
-24 81
-24 82
-25 82
-26 82
-26 83
-26 82
-26 81
-26 82
-26 83
-25 83
-26 83
-26 84
-27 84
-26 84
-26 85
-27 85
-28 85
-27 85
-28 85
-27 85
-28 85
-28 86
-28 85
-29 85
-29 84
-29 83
-28 83
-28 82
-28 81
-28 80
-29 80
-28 80
-29 80
-29 79
-29 78
-29 77
-29 76
-29 77
-28 77
-29 77
-29 76
-30 76
-30 77
-30 76
-31 76
-31 75
-30 75
-31 75
-32 75
-32 74
-32 75
-32 74
-33 74
-33 73
-34 73
-33 73
-33 72
-32 72
-32 71
-32 70
-32 71
-32 72
-32 73
-33 73
-33 72
-34 72
-34 71
-34 72
-35 72
-35 71
-36 71
-36 72
-36 73
-36 72
-36 71
-36 72
-36 71
-37 71
-38 71
-38 70
-39 70
-38 70
-38 69
-38 68
-39 68
-38 68
-38 69
-39 69
-38 69
-38 70
-37 70
-37 69
-36 69
-36 68
-36 69
-36 68
-36 67
-36 68
-36 69
-35 69
-35 68
-35 67
-35 66
-35 65
-36 65
-37 65
-37 66
-36 66
-36 65
-36 64
-37 64
-36 64
-36 65
-35 65
-34 65
-33 65
-34 65
-35 65
-36 65
-36 64
-36 65
-36 64
-36 63
-36 62
-37 62
-36 62
-36 61
-35 61
-34 61
-34 62
-33 62
-33 61
-32 61
-32 60
-33 60
-34 60
-33 60
-33 61
-32 61
-32 60
-31 60
-31 59
-31 58
-31 59
-30 59
-29 59
-29 60
-30 60
-31 60
-30 60
-31 60
-30 60
-29 60
-30 60
-30 59
-31 59
-30 59
-31 59
-31 58
-31 59
-31 58
-32 58
-33 58
-33 57
-33 56
-34 56
-34 57
-34 56
-33 56
-34 56
-33 56
-32 56
-32 57
-31 57
-31 58
-31 57
-31 58
-32 58
-33 58
-32 58
-32 59
-31 59
-32 59
-31 59
-30 59
-29 59
-30 59
-29 59
-30 59
-29 59
-30 59
-30 58
-29 58
-29 57
-30 57
-31 57
-31 58
-32 58
-33 58
-34 58
-33 58
-33 59
-33 58
-32 58
-32 59
-32 58
-31 58
-32 58
-32 57
-31 57
-30 57
-31 57
-31 58
-30 58
-30 59
-30 58
-30 59
-30 58
-29 58
-29 59
-29 60
-30 60
-30 61
-30 60
-30 59
-31 59
-31 60
-30 60
-30 59
-31 59
-32 59
-32 58
-32 57
-33 57
-32 57
-31 57
-32 57
-32 56
-33 56
-33 55
-34 55
-34 54
-35 54
-35 53
-35 52
-34 52
-35 52
-35 51
-34 51
-34 52
-34 51
-33 51
-33 50
-33 49
-33 48
-32 48
-32 49
-32 48
-32 47
-32 46
-33 46
-33 45
-32 45
-32 46
-32 45
-32 46
-32 47
-32 48
-31 48
-31 47
-31 48
-31 49
-31 50
-31 51
-31 52
-30 52
-30 51
-31 51
-31 50
-32 50
-32 51
-31 51
-32 51
-32 52
-31 52
-31 51
-30 51
-30 50
-29 50
-29 49
-30 49
-31 49
-31 50
-30 50
-30 51
-31 51
-31 50
-31 51
-31 50
-31 51
-31 52
-30 52
-30 51
-29 51
-29 50
-29 49
-30 49
-31 49
-32 49
-33 49
-33 48
-32 48
-32 49
-33 49
-34 49
-34 50
-34 49
-34 50
-35 50
-35 51
-35 50
-36 50
-37 50
-37 49
-36 49
-36 48
-36 47
-36 46
-36 47
-36 46
-35 46
-35 45
-36 45
-37 45
-38 45
-37 45
-36 45
-37 45
-37 46
-37 45
-38 45
-38 46
-38 45
-38 44
-39 44
-39 43
-40 43
-40 44
-39 44
-40 44
-40 45
-40 44
-40 45
-41 45
-40 45
-40 46
-41 46
-41 45
-41 46
-40 46
-40 47
-39 47
-39 48
-39 47
-38 47
-38 46
-38 45
-38 44
-37 44
-38 44
-38 43
-38 42
-37 42
-37 41
-38 41
-37 41
-36 41
-35 41
-35 40
-35 41
-34 41
-34 42
-33 42
-34 42
-35 42
-35 43
-34 43
-34 44
-34 45
-33 45
-34 45
-34 46
-35 46
-35 47
-34 47
-35 47
-36 47
-35 47
-36 47
-35 47
-35 46
-35 47
-35 48
-35 49
-34 49
-35 49
-36 49
-36 50
-37 50
-38 50
-38 51
-38 52
-39 52
-39 51
-39 52
-40 52
-39 52
-39 51
-38 51
-38 52
-39 52
-38 52
-38 51
-37 51
-37 52
-38 52
-37 52
-37 51
-36 51
-37 51
-37 52
-38 52
-38 51
-38 52
-37 52
-36 52
-36 53
-36 52
-36 51
-35 51
-34 51
-35 51
-34 51
-34 52
-34 53
-34 52
-35 52
-35 51
-35 50
-34 50
-35 50
-34 50
-34 49
-35 49
-35 50
-36 50
-35 50
-36 50
-35 50
-36 50
-36 51
-35 51
-34 51
-33 51
-33 50
-33 49
-32 49
-32 50
-32 51
-33 51
-33 52
-34 52
-35 52
-35 51
-36 51
-36 50
-35 50
-35 49
-35 48
-35 49
-35 50
-36 50
-37 50
-38 50
-38 49
-37 49
-37 48
-37 47
-36 47
-36 46
-37 46
-37 45
-37 44
-36 44
-35 44
-34 44
-34 43
-34 44
-34 45
-33 45
-34 45
-34 46
-34 47
-34 48
-34 47
-34 46
-35 46
-35 47
-35 48
-35 49
-35 50
-36 50
-36 49
-36 48
-37 48
-38 48
-37 48
-36 48
-37 48
-37 47
-38 47
-37 47
-38 47
-39 47
-38 47
-38 46
-38 45
-38 44
-39 44
-40 44
-41 44
-41 43
-40 43
-40 44
-40 45
-41 45
-40 45
-41 45
-40 45
-40 46
-39 46
-39 47
-39 46
-40 46
-41 46
-41 45
-41 44
-40 44
-40 45
-39 45
-40 45
-40 44
-39 44
-39 43
-39 42
-38 42
-39 42
-39 43
-39 42
-39 43
-39 42
-39 43
-40 43
-41 43
-42 43
-41 43
-41 42
-41 43
-41 44
-42 44
-43 44
-43 45
-43 46
-43 45
-43 44
-44 44
-44 43
-45 43
-45 42
-45 43
-45 42
-45 43
-45 42
-45 41
-44 41
-44 42
-43 42
-43 41
-43 42
-43 43
-44 43
-43 43
-43 42
-43 43
-43 44
-44 44
-44 45
-44 46
-44 45
-45 45
-45 46
-44 46
-43 46
-44 46
-44 47
-44 48
-45 48
-44 48
-44 49
-44 48
-44 49
-45 49
-45 50
-46 50
-46 51
-46 52
-46 53
-46 54
-45 54
-45 55
-46 55
-46 56
-45 56
-46 56
-46 55
-46 56
-45 56
-44 56
-45 56
-45 57
-44 57
-43 57
-44 57
-45 57
-46 57
-46 58
-47 58
-48 58
-48 59
-48 58
-47 58
-46 58
-46 59
-46 58
-46 59
-47 59
-48 59
-48 60
-48 59
-49 59
-48 59
-48 58
-48 59
-49 59
-50 59
-49 59
-48 59
-48 58
-49 58
-48 58
-47 58
-46 58
-47 58
-46 58
-45 58
-45 57
-45 56
-45 55
-45 56
-44 56
-43 56
-44 56
-44 57
-44 56
-44 55
-43 55
-42 55
-42 56
-42 57
-43 57
-43 56
-43 55
-43 56
-43 57
-43 56
-44 56
-43 56
-42 56
-41 56
-41 55
-41 56
-40 56
-39 56
-40 56
-40 57
-39 57
-38 57
-37 57
-37 58
-37 59
-38 59
-38 58
-38 57
-37 57
-37 56
-37 57
-37 58
-37 57
-37 56
-38 56
-39 56
-39 55
-38 55
-37 55
-38 55
-38 54
-38 55
-37 55
-37 56
-37 57
-36 57
-36 56
-36 55
-36 54
-36 53
-36 52
-35 52
-36 52
-36 51
-37 51
-37 50
-38 50
-37 50
-36 50
-36 49
-37 49
-37 48
-36 48
-36 47
-37 47
-36 47
-35 47
-35 48
-36 48
-37 48
-38 48
-38 47
-38 46
-39 46
-39 47
-39 48
-38 48
-38 47
-39 47
-39 48
-40 48
-39 48
-40 48
-41 48
-40 48
-40 49
-40 50
-39 50
-39 49
-40 49
-39 49
-39 50
-39 49
-40 49
-40 50
-40 51
-40 50
-41 50
-40 50
-39 50
-39 49
-39 48
-39 47
-39 48
-39 49
-38 49
-38 50
-37 50
-37 49
-38 49
-38 48
-39 48
-39 47
-40 47
-40 48
-39 48
-40 48
-41 48
-42 48
-41 48
-41 49
-40 49
-41 49
-42 49
-41 49
-40 49
-39 49
-39 48
-39 49
-39 48
-39 47
-40 47
-39 47
-39 46
-40 46
-40 45
-40 46
-40 47
-41 47
-42 47
-43 47
-42 47
-43 47
-44 47
-43 47
-42 47
-42 46
-42 47
-41 47
-41 46
-41 47
-42 47
-43 47
-44 47
-44 48
-44 47
-45 47
-46 47
-46 46
-46 47
-46 46
-45 46
-45 47
-44 47
-43 47
-43 48
-43 47
-44 47
-44 46
-45 46
-44 46
-45 46
-46 46
-46 47
-46 46
-47 46
-46 46
-45 46
-46 46
-47 46
-48 46
-49 46
-49 47
-48 47
-47 47
-46 47
-45 47
-45 48
-46 48
-47 48
-47 49
-47 50
-46 50
-46 51
-45 51
-45 52
-46 52
-46 51
-47 51
-47 52
-47 51
-48 51
-48 52
-48 51
-47 51
-47 50
-48 50
-48 49
-48 48
-49 48
-48 48
-49 48
-49 47
-48 47
-49 47
-49 48
-49 49
-49 50
-48 50
-48 51
-47 51
-48 51
-48 50
-49 50
-49 49
-50 49
-51 49
-51 50
-52 50
-52 51
-51 51
-51 50
-51 51
-51 52
-52 52
-52 53
-51 53
-51 52
-52 52
-51 52
-51 53
-50 53
-49 53
-48 53
-48 54
-47 54
-46 54
-46 55
-46 54
-47 54
-48 54
-48 53
-47 53
-47 52
-47 53
-48 53
-49 53
-48 53
-48 52
-48 53
-48 54
-47 54
-47 53
-47 52
-47 53
-48 53
-48 52
-48 51
-49 51
-49 52
-48 52
-48 51
-47 51
-46 51
-46 50
-45 50
-44 50
-43 50
-44 50
-45 50
-46 50
-45 50
-44 50
-45 50
-45 51
-45 50
-45 51
-46 51
-45 51
-46 51
-46 52
-46 51
-45 51
-45 50
-44 50
-44 49
-43 49
-44 49
-45 49
-45 48
-46 48
-45 48
-45 47
-45 46
-44 46
-44 47
-45 47
-45 46
-46 46
-47 46
-48 46
-48 47
-47 47
-47 48
-47 49
-47 48
-48 48
-48 49
-47 49
-47 48
-46 48
-46 49
-46 48
-46 49
-46 48
-46 49
-45 49
-45 48
-44 48
-43 48
-43 47
-42 47
-41 47
-42 47
-41 47
-41 48
-40 48
-41 48
-42 48
-42 47
-42 46
-41 46
-40 46
-39 46
-38 46
-38 47
-38 48
-37 48
-37 47
-36 47
-37 47
-36 47
-36 48
-37 48
-36 48
-37 48
-37 49
-36 49
-36 50
-36 51
-35 51
-34 51
-34 50
-35 50
-34 50
-35 50
-34 50
-34 49
-34 48
-33 48
-34 48
-35 48
-36 48
-36 47
-37 47
-37 48
-36 48
-37 48
-37 49
-36 49
-36 48
-36 49
-36 50
-36 49
-35 49
-36 49
-36 48
-36 49
-36 48
-35 48
-34 48
-33 48
-32 48
-33 48
-32 48
-31 48
-32 48
-31 48
-30 48
-29 48
-29 49
-30 49
-29 49
-29 50
-29 49
-29 50
-28 50
-28 51
-29 51
-28 51
-27 51
-28 51
-28 50
-28 49
-28 48
-28 49
-28 48
-28 49
-28 50
-28 49
-29 49
-29 48
-29 49
-28 49
-28 50
-28 51
-29 51
-29 52
-29 51
-28 51
-28 52
-28 51
-28 52
-28 51
-28 50
-29 50
-30 50
-30 51
-30 50
-29 50
-28 50
-29 50
-29 49
-30 49
-31 49
-32 49
-32 48
-32 47
-32 46
-32 45
-32 46
-32 45
-31 45
-30 45
-30 46
-29 46
-28 46
-29 46
-29 45
-28 45
-27 45
-26 45
-27 45
-27 46
-27 45
-27 46
-27 47
-27 48
-27 49
-27 50
-26 50
-27 50
-26 50
-26 49
-26 50
-27 50
-28 50
-28 51
-28 50
-29 50
-28 50
-27 50
-26 50
-27 50
-28 50
-28 51
-27 51
-26 51
-25 51
-25 52
-26 52
-25 52
-26 52
-25 52
-24 52
-25 52
-25 51
-25 52
-25 53
-25 52
-25 53
-24 53
-24 52
-25 52
-24 52
-24 53
-25 53
-24 53
-23 53
-24 53
-23 53
-23 54
-23 53
-22 53
-23 53
-24 53
-24 54
-23 54
-22 54
-22 53
-22 52
-22 51
-22 50
-22 51
-22 50
-22 49
-21 49
-21 50
-22 50
-22 49
-22 48
-23 48
-23 49
-23 48
-23 47
-24 47
-25 47
-25 48
-24 48
-25 48
-25 47
-26 47
-25 47
-25 48
-25 49
-26 49
-26 48
-25 48
-25 47
-24 47
-24 46
-24 45
-24 46
-25 46
-25 45
-25 46
-25 45
-24 45
-25 45
-25 44
-25 43
-26 43
-26 44
-27 44
-27 43
-26 43
-27 43
-27 42
-26 42
-26 41
-26 42
-26 41
-27 41
-26 41
-26 40
-26 39
-25 39
-25 40
-25 41
-25 40
-25 39
-25 40
-26 40
-26 41
-26 42
-26 43
-26 44
-27 44
-27 43
-28 43
-29 43
-29 42
-29 43
-28 43
-27 43
-27 42
-27 43
-27 44
-28 44
-28 43
-28 42
-27 42
-26 42
-27 42
-26 42
-27 42
-27 41
-27 42
-27 41
-26 41
-26 42
-25 42
-25 43
-25 42
-24 42
-24 43
-24 42
-23 42
-22 42
-22 41
-23 41
-23 42
-23 43
-23 44
-22 44
-21 44
-21 45
-21 44
-21 43
-20 43
-19 43
-18 43
-17 43
-18 43
-17 43
-18 43
-18 42
-19 42
-18 42
-19 42
-19 43
-20 43
-21 43
-22 43
-23 43
-24 43
-25 43
-25 44
-25 43
-25 42
-25 41
-25 40
-25 41
-24 41
-23 41
-23 40
-23 39
-23 38
-23 39
-23 40
-23 41
-22 41
-22 42
-22 43
-23 43
-24 43
-24 42
-24 41
-25 41
-24 41
-24 42
-24 43
-25 43
-26 43
-25 43
-25 42
-25 41
-24 41
-25 41
-26 41
-25 41
-26 41
-27 41
-28 41
-29 41
-29 42
-29 43
-29 42
-30 42
-31 42
-32 42
-32 43
-32 42
-33 42
-34 42
-33 42
-33 41
-33 40
-33 41
-33 40
-33 41
-34 41
-35 41
-34 41
-35 41
-35 42
-35 41
-35 40
-36 40
-36 39
-36 40
-36 41
-37 41
-36 41
-37 41
-38 41
-39 41
-38 41
-39 41
-39 42
-40 42
-40 41
-41 41
-41 40
-41 39
-41 40
-40 40
-40 41
-39 41
-39 42
-40 42
-41 42
-40 42
-41 42
-40 42
-39 42
-40 42
-40 43
-40 42
-40 41
-40 40
-40 41
-41 41
-41 40
-41 39
-42 39
-42 40
-42 41
-41 41
-42 41
-43 41
-43 40
-43 41
-43 42
-42 42
-42 43
-42 44
-42 43
-42 44
-43 44
-43 45
-44 45
-44 46
-45 46
-45 45
-44 45
-44 46
-43 46
-43 45
-42 45
-41 45
-42 45
-42 46
-42 47
-41 47
-42 47
-42 46
-41 46
-40 46
-40 45
-41 45
-42 45
-42 46
-42 45
-42 46
-42 45
-43 45
-43 44
-43 45
-42 45
-43 45
-43 46
-42 46
-42 45
-43 45
-43 44
-43 43
-42 43
-41 43
-42 43
-41 43
-41 44
-42 44
-43 44
-44 44
-44 43
-45 43
-46 43
-46 44
-47 44
-47 43
-48 43
-47 43
-47 44
-46 44
-45 44
-45 43
-45 42
-46 42
-47 42
-46 42
-47 42
-46 42
-45 42
-44 42
-45 42
-46 42
-46 41
-46 42
-46 41
-45 41
-46 41
-45 41
-44 41
-43 41
-43 42
-42 42
-42 43
-41 43
-42 43
-41 43
-40 43
-40 44
-39 44
-39 43
-40 43
-41 43
-41 44
-41 45
-42 45
-42 44
-43 44
-44 44
-43 44
-42 44
-42 45
-42 46
-43 46
-43 45
-42 45
-42 46
-42 45
-41 45
-42 45
-41 45
-41 44
-41 43
-42 43
-43 43
-44 43
-45 43
-45 44
-45 45
-45 46
-45 47
-46 47
-45 47
-45 46
-45 47
-45 48
-46 48
-46 49
-47 49
-47 50
-47 51
-48 51
-48 50
-49 50
-48 50
-49 50
-48 50
-48 49
-48 48
-48 49
-48 50
-47 50
-47 49
-48 49
-49 49
-49 48
-48 48
-47 48
-46 48
-46 47
-46 48
-46 47
-46 46
-46 47
-47 47
-46 47
-46 48
-47 48
-46 48
-46 49
-46 48
-46 47
-46 48
-46 47
-47 47
-48 47
-47 47
-47 46
-47 45
-47 46
-46 46
-45 46
-46 46
-46 45
-45 45
-44 45
-44 44
-44 45
-43 45
-43 44
-44 44
-44 45
-45 45
-46 45
-46 46
-47 46
-46 46
-46 47
-46 48
-46 47
-46 46
-47 46
-46 46
-46 47
-46 48
-47 48
-48 48
-48 47
-49 47
-49 46
-49 45
-49 44
-49 43
-49 44
-49 43
-48 43
-47 43
-46 43
-45 43
-44 43
-45 43
-46 43
-47 43
-46 43
-45 43
-44 43
-44 42
-43 42
-43 43
-42 43
-41 43
-42 43
-42 42
-42 43
-43 43
-44 43
-45 43
-46 43
-45 43
-45 42
-45 41
-46 41
-46 42
-46 43
-46 42
-45 42
-46 42
-46 41
-45 41
-45 40
-45 41
-45 40
-46 40
-46 39
-46 40
-46 39
-45 39
-44 39
-43 39
-43 40
-44 40
-44 39
-43 39
-44 39
-43 39
-43 40
-43 39
-43 38
-42 38
-43 38
-43 37
-44 37
-44 36
-45 36
-44 36
-43 36
-43 37
-42 37
-43 37
-42 37
-42 38
-43 38
-43 37
-44 37
-44 38
-44 37
-44 38
-44 37
-44 38
-44 37
-44 36
-45 36
-45 35
-46 35
-47 35
-48 35
-49 35
-50 35
-50 36
-49 36
-49 37
-48 37
-47 37
-47 38
-46 38
-47 38
-47 39
-48 39
-47 39
-47 40
-48 40
-49 40
-48 40
-48 41
-49 41
-50 41
-49 41
-48 41
-49 41
-49 42
-49 43
-50 43
-49 43
-50 43
-50 44
-50 45
-49 45
-49 46
-49 45
-49 46
-49 47
-48 47
-49 47
-48 47
-49 47
-49 48
-49 47
-48 47
-48 46
-47 46
-47 45
-47 46
-47 47
-48 47
-48 46
-48 47
-47 47
-48 47
-48 46
-48 47
-47 47
-48 47
-47 47
-48 47
-48 48
-49 48
-49 49
-49 50
-49 49
-49 50
-48 50
-48 49
-48 50
-47 50
-46 50
-46 49
-46 48
-47 48
-47 47
-47 46
-47 45
-47 46
-47 45
-47 44
-47 45
-47 44
-48 44
-49 44
-48 44
-48 45
-49 45
-48 45
-49 45
-49 44
-50 44
-49 44
-48 44
-49 44
-49 45
-49 46
-49 45
-49 46
-50 46
-51 46
-51 47
-50 47
-49 47
-49 46
-49 47
-48 47
-47 47
-46 47
-46 46
-47 46
-46 46
-46 47
-46 46
-47 46
-46 46
-46 45
-47 45
-47 44
-46 44
-46 43
-46 44
-46 43
-45 43
-45 44
-45 45
-45 44
-45 45
-45 44
-45 43
-46 43
-46 42
-47 42
-47 41
-46 41
-45 41
-45 40
-46 40
-45 40
-46 40
-46 41
-47 41
-48 41
-47 41
-47 42
-48 42
-48 43
-48 44
-48 45
-48 46
-47 46
-48 46
-49 46
-48 46
-47 46
-48 46
-48 47
-49 47
-49 48
-48 48
-49 48
-48 48
-48 49
-48 50
-47 50
-47 51
-46 51
-46 52
-46 53
-47 53
-47 54
-47 53
-47 52
-46 52
-47 52
-47 51
-47 50
-47 51
-47 52
-48 52
-48 53
-48 52
-47 52
-46 52
-46 53
-46 54
-46 53
-46 54
-45 54
-45 53
-45 54
-44 54
-44 53
-43 53
-43 52
-43 51
-43 50
-43 49
-44 49
-44 48
-45 48
-45 47
-46 47
-46 48
-47 48
-47 49
-47 48
-47 49
-48 49
-49 49
-48 49
-49 49
-48 49
-47 49
-47 48
-46 48
-47 48
-47 47
-47 48
-47 47
-47 46
-48 46
-49 46
-49 45
-50 45
-50 46
-50 47
-50 48
-49 48
-50 48
-50 47
-50 46
-51 46
-51 45
-52 45
-51 45
-50 45
-50 44
-50 45
-50 44
-50 45
-50 46
-51 46
-51 47
-52 47
-52 46
-52 47
-52 48
-53 48
-54 48
-53 48
-53 49
-54 49
-53 49
-53 48
-54 48
-54 47
-55 47
-55 46
-55 45
-55 46
-54 46
-55 46
-54 46
-53 46
-52 46
-53 46
-53 47
-53 48
-52 48
-52 49
-52 50
-52 49
-51 49
-51 50
-52 50
-51 50
-50 50
-51 50
-52 50
-51 50
-52 50
-53 50
-53 51
-52 51
-53 51
-53 50
-52 50
-51 50
-51 49
-51 50
-51 49
-52 49
-53 49
-53 50
-53 49
-53 50
-54 50
-54 51
-54 52
-54 51
-54 50
-53 50
-52 50
-52 51
-53 51
-53 52
-54 52
-53 52
-53 53
-52 53
-51 53
-51 52
-51 53
-51 52
-51 53
-51 52
-51 51
-51 52
-51 53
-51 52
-50 52
-51 52
-52 52
-52 53
-52 54
-51 54
-50 54
-50 53
-49 53
-48 53
-49 53
-49 54
-50 54
-51 54
-50 54
-50 55
-50 54
-49 54
-48 54
-47 54
-47 53
-47 54
-46 54
-46 53
-46 54
-45 54
-46 54
-46 53
-47 53
-47 52
-47 51
-47 52
-46 52
-47 52
-47 53
-47 52
-48 52
-48 53
-49 53
-49 52
-50 52
-50 51
-50 52
-51 52
-52 52
-51 52
-51 51
-51 50
-50 50
-50 51
-50 52
-50 51
-50 52
-50 53
-49 53
-49 54
-49 55
-49 54
-48 54
-48 55
-48 54
-48 55
-48 54
-49 54
-49 55
-50 55
-49 55
-48 55
-48 54
-49 54
-49 55
-48 55
-47 55
-47 54
-47 55
-46 55
-47 55
-46 55
-46 54
-46 55
-47 55
-48 55
-48 54
-48 53
-47 53
-47 54
-48 54
-48 55
-49 55
-48 55
-49 55
-50 55
-50 56
-51 56
-52 56
-51 56
-52 56
-52 55
-52 54
-52 55
-52 56
-52 55
-52 56
-51 56
-51 57
-51 58
-50 58
-50 57
-49 57
-48 57
-47 57
-48 57
-48 56
-47 56
-47 55
-47 54
-47 55
-47 56
-48 56
-48 55
-48 56
-49 56
-50 56
-50 57
-51 57
-52 57
-51 57
-50 57
-50 56
-51 56
-51 57
-52 57
-52 58
-53 58
-53 59
-54 59
-54 60
-55 60
-55 59
-55 60
-56 60
-56 59
-57 59
-57 60
-57 61
-58 61
-58 60
-58 59
-57 59
-57 58
-58 58
-58 57
-59 57
-59 56
-59 55
-60 55
-59 55
-58 55
-59 55
-59 56
-59 55
-58 55
-57 55
-57 56
-57 57
-57 58
-57 59
-57 58
-58 58
-57 58
-58 58
-58 57
-58 58
-59 58
-59 57
-59 56
-60 56
-60 55
-60 54
-61 54
-60 54
-61 54
-62 54
-61 54
-60 54
-61 54
-61 53
-60 53
-61 53
-61 54
-60 54
-60 53
-60 52
-59 52
-60 52
-59 52
-58 52
-57 52
-58 52
-59 52
-59 53
-59 52
-59 51
-59 50
-60 50
-61 50
-60 50
-60 51
-61 51
-60 51
-60 52
-60 53
-59 53
-59 52
-59 51
-58 51
-59 51
-60 51
-59 51
-59 50
-59 49
-58 49
-58 50
-58 51
-59 51
-59 52
-59 51
-58 51
-58 50
-59 50
-58 50
-59 50
-59 51
-60 51
-61 51
-60 51
-59 51
-58 51
-57 51
-57 52
-57 53
-57 54
-56 54
-56 55
-55 55
-56 55
-55 55
-55 54
-56 54
-55 54
-55 55
-55 56
-55 55
-55 56
-55 55
-56 55
-56 54
-56 53
-57 53
-57 52
-58 52
-59 52
-58 52
-57 52
-57 51
-57 50
-57 51
-56 51
-55 51
-55 52
-55 53
-55 52
-54 52
-54 51
-53 51
-54 51
-54 52
-54 51
-55 51
-56 51
-56 50
-57 50
-57 51
-57 52
-57 51
-56 51
-56 50
-56 49
-56 48
-56 47
-56 46
-56 45
-55 45
-55 44
-55 45
-55 46
-55 45
-54 45
-54 46
-54 47
-54 48
-54 49
-54 50
-54 51
-54 52
-55 52
-55 53
-55 54
-54 54
-55 54
-55 55
-55 54
-55 53
-54 53
-54 54
-55 54
-56 54
-56 53
-57 53
-56 53
-57 53
-58 53
-58 54
-59 54
-60 54
-60 55
-59 55
-60 55
-60 56
-60 55
-59 55
-59 56
-58 56
-57 56
-57 57
-57 56
-57 55
-56 55
-56 56
-56 57
-57 57
-57 58
-57 59
-58 59
-58 58
-58 59
-58 58
-58 57
-59 57
-58 57
-57 57
-57 58
-57 57
-56 57
-55 57
-56 57
-56 58
-56 59
-57 59
-56 59
-55 59
-54 59
-53 59
-52 59
-53 59
-52 59
-52 60
-52 59
-53 59
-53 58
-52 58
-52 57
-52 56
-53 56
-53 55
-53 56
-52 56
-53 56
-54 56
-53 56
-52 56
-53 56
-52 56
-53 56
-54 56
-55 56
-55 55
-55 56
-55 57
-55 56
-55 57
-55 56
-55 55
-55 56
-54 56
-53 56
-53 57
-53 56
-54 56
-55 56
-56 56
-55 56
-55 57
-55 56
-54 56
-54 55
-54 56
-55 56
-55 55
-56 55
-56 54
-55 54
-54 54
-55 54
-55 53
-55 54
-54 54
-53 54
-54 54
-54 55
-54 56
-54 55
-54 56
-54 55
-54 54
-54 53
-54 52
-54 51
-53 51
-54 51
-55 51
-56 51
-55 51
-54 51
-54 50
-53 50
-52 50
-52 49
-53 49
-53 48
-52 48
-51 48
-50 48
-49 48
-48 48
-47 48
-47 49
-46 49
-47 49
-48 49
-48 50
-49 50
-50 50
-50 51
-50 50
-51 50
-51 51
-52 51
-53 51
-53 50
-52 50
-52 49
-52 48
-52 47
-53 47
-53 46
-53 45
-53 44
-54 44
-53 44
-53 43
-54 43
-53 43
-53 42
-52 42
-51 42
-50 42
-50 41
-51 41
-52 41
-52 42
-53 42
-53 41
-54 41
-55 41
-55 42
-55 41
-56 41
-56 40
-56 41
-57 41
-57 40
-56 40
-57 40
-57 39
-57 38
-57 39
-57 40
-56 40
-56 41
-56 40
-56 39
-57 39
-58 39
-59 39
-60 39
-60 38
-60 37
-61 37
-61 36
-61 37
-61 36
-61 35
-61 36
-61 37
-62 37
-62 38
-63 38
-63 37
-63 38
-64 38
-64 39
-63 39
-63 38
-64 38
-63 38
-62 38
-62 39
-63 39
-63 40
-62 40
-63 40
-63 41
-62 41
-62 40
-62 39
-62 40
-62 39
-62 40
-61 40
-61 39
-61 40
-62 40
-63 40
-63 39
-62 39
-61 39
-61 40
-60 40
-60 39
-59 39
-59 40
-59 39
-58 39
-57 39
-56 39
-57 39
-57 40
-56 40
-57 40
-58 40
-58 39
-59 39
-58 39
-58 40
-57 40
-56 40
-57 40
-57 39
-57 38
-57 37
-58 37
-58 36
-57 36
-58 36
-57 36
-58 36
-58 37
-58 36
-58 37
-58 36
-59 36
-59 37
-58 37
-57 37
-57 36
-57 35
-56 35
-56 36
-56 35
-56 34
-55 34
-55 35
-55 34
-56 34
-56 35
-56 34
-57 34
-56 34
-57 34
-57 35
-58 35
-58 34
-59 34
-59 35
-60 35
-61 35
-61 36
-60 36
-60 37
-61 37
-62 37
-62 36
-61 36
-60 36
-60 35
-60 36
-61 36
-62 36
-63 36
-62 36
-62 35
-61 35
-61 36
-60 36
-60 37
-60 36
-60 37
-59 37
-59 38
-59 37
-58 37
-59 37
-58 37
-57 37
-57 38
-57 37
-58 37
-58 38
-58 37
-59 37
-60 37
-61 37
-61 38
-60 38
-59 38
-60 38
-59 38
-60 38
-60 37
-59 37
-60 37
-60 36
-60 35
-60 34
-61 34
-61 33
-61 34
-61 33
-61 34
-62 34
-61 34
-62 34
-62 33
-63 33
-62 33
-61 33
-60 33
-60 34
-60 35
-59 35
-59 36
-59 35
-59 34
-58 34
-59 34
-60 34
-60 35
-60 36
-59 36
-59 37
-60 37
-61 37
-61 36
-61 37
-61 38
-60 38
-61 38
-60 38
-60 37
-59 37
-59 38
-59 39
-59 40
-58 40
-59 40
-59 41
-59 42
-59 41
-60 41
-59 41
-59 42
-58 42
-58 41
-58 40
-58 39
-57 39
-58 39
-57 39
-56 39
-56 38
-57 38
-58 38
-59 38
-59 37
-60 37
-60 38
-60 37
-61 37
-62 37
-61 37
-62 37
-61 37
-61 36
-62 36
-62 35
-61 35
-60 35
-60 36
-61 36
-62 36
-63 36
-63 35
-64 35
-64 34
-64 33
-65 33
-65 32
-65 33
-64 33
-64 34
-64 35
-63 35
-62 35
-61 35
-60 35
-60 36
-60 35
-60 34
-61 34
-60 34
-61 34
-61 33
-61 34
-61 33
-62 33
-61 33
-61 32
-61 33
-62 33
-61 33
-61 32
-60 32
-60 33
-60 32
-60 33
-59 33
-60 33
-61 33
-60 33
-60 32
-60 33
-60 34
-61 34
-61 35
-62 35
-62 36
-61 36
-62 36
-62 37
-62 36
-61 36
-62 36
-62 35
-63 35
-62 35
-62 34
-62 33
-62 34
-61 34
-62 34
-61 34
-61 33
-62 33
-61 33
-62 33
-62 32
-63 32
-64 32
-63 32
-63 33
-63 32
-63 33
-63 32
-64 32
-64 33
-64 34
-63 34
-64 34
-65 34
-64 34
-64 35
-65 35
-64 35
-65 35
-65 36
-64 36
-65 36
-64 36
-63 36
-63 35
-64 35
-63 35
-63 34
-62 34
-62 33
-62 32
-61 32
-61 33
-60 33
-61 33
-61 32
-60 32
-61 32
-62 32
-63 32
-64 32
-64 33
-64 34
-64 33
-64 34
-65 34
-64 34
-64 35
-64 34
-64 35
-64 34
-63 34
-62 34
-63 34
-63 35
-63 36
-64 36
-64 35
-63 35
-64 35
-63 35
-64 35
-65 35
-64 35
-64 34
-63 34
-63 33
-64 33
-65 33
-65 32
-65 33
-64 33
-64 32
-65 32
-65 31
-66 31
-66 30
-65 30
-65 29
-65 30
-66 30
-66 29
-65 29
-64 29
-64 28
-64 27
-64 26
-63 26
-63 27
-64 27
-65 27
-64 27
-65 27
-65 28
-65 29
-66 29
-66 28
-66 27
-65 27
-65 26
-64 26
-63 26
-62 26
-63 26
-63 27
-63 28
-64 28
-63 28
-63 29
-64 29
-64 28
-63 28
-63 29
-63 30
-63 31
-64 31
-64 30
-64 31
-64 30
-64 31
-65 31
-66 31
-66 30
-65 30
-64 30
-63 30
-62 30
-61 30
-62 30
-63 30
-63 29
-62 29
-61 29
-61 28
-61 29
-61 30
-61 29
-61 28
-62 28
-62 29
-61 29
-60 29
-59 29
-59 30
-59 29
-58 29
-57 29
-57 28
-58 28
-59 28
-59 29
-59 28
-58 28
-57 28
-58 28
-58 27
-58 26
-57 26
-57 27
-57 26
-58 26
-57 26
-56 26
-55 26
-54 26
-55 26
-54 26
-54 25
-54 26
-54 27
-55 27
-56 27
-56 26
-56 27
-56 28
-56 27
-55 27
-56 27
-57 27
-57 28
-58 28
-58 29
-59 29
-59 28
-58 28
-59 28
-58 28
-59 28
-59 27
-58 27
-58 26
-57 26
-57 25
-56 25
-55 25
-56 25
-56 26
-56 25
-56 26
-56 27
-55 27
-54 27
-55 27
-55 26
-54 26
-53 26
-53 27
-52 27
-53 27
-54 27
-53 27
-53 26
-54 26
-55 26
-54 26
-53 26
-52 26
-52 27
-51 27
-51 26
-51 27
-51 26
-51 25
-50 25
-50 24
-51 24
-50 24
-49 24
-49 25
-50 25
-50 26
-49 26
-49 27
-48 27
-49 27
-49 26
-48 26
-47 26
-48 26
-48 27
-48 26
-49 26
-49 25
-49 24
-50 24
-50 23
-50 22
-49 22
-49 21
-48 21
-48 22
-48 23
-48 22
-49 22
-50 22
-49 22
-49 21
-49 20
-49 19
-49 20
-49 21
-49 20
-50 20
-50 19
-49 19
-49 18
-48 18
-48 19
-48 20
-49 20
-50 20
-49 20
-50 20
-49 20
-49 19
-49 20
-49 21
-48 21
-48 22
-48 21
-47 21
-47 22
-47 23
-48 23
-49 23
-49 24
-48 24
-49 24
-49 23
-49 24
-49 23
-48 23
-49 23
-49 22
-49 21
-49 22
-50 22
-50 21
-49 21
-48 21
-47 21
-48 21
-47 21
-48 21
-48 22
-48 21
-47 21
-46 21
-46 20
-47 20
-48 20
-49 20
-49 21
-50 21
-50 20
-49 20
-49 21
-50 21
-50 22
-50 21
-51 21
-52 21
-52 22
-53 22
-53 21
-53 22
-54 22
-54 21
-54 20
-53 20
-54 20
-54 19
-55 19
-54 19
-54 20
-54 19
-54 18
-54 19
-55 19
-55 20
-56 20
-56 21
-56 22
-56 21
-55 21
-56 21
-56 20
-57 20
-57 19
-58 19
-57 19
-57 18
-58 18
-58 17
-58 16
-58 17
-59 17
-59 16
-59 17
-59 18
-59 19
-58 19
-58 20
-58 19
-59 19
-59 18
-60 18
-60 19
-60 18
-60 17
-60 18
-60 19
-60 20
-60 19
-60 20
-61 20
-60 20
-59 20
-58 20
-59 20
-59 21
-59 22
-58 22
-58 21
-57 21
-56 21
-55 21
-55 22
-55 23
-55 22
-55 21
-55 20
-55 21
-54 21
-53 21
-53 20
-53 21
-53 22
-54 22
-54 23
-53 23
-53 22
-52 22
-51 22
-51 21
-51 22
-51 23
-51 22
-50 22
-50 21
-51 21
-51 20
-52 20
-52 19
-52 18
-51 18
-50 18
-49 18
-49 19
-49 20
-50 20
-50 21
-49 21
-48 21
-48 22
-48 21
-49 21
-50 21
-50 22
-50 23
-49 23
-50 23
-50 22
-49 22
-49 21
-49 22
-49 21
-49 20
-50 20
-51 20
-51 19
-52 19
-52 18
-51 18
-51 17
-52 17
-52 18
-51 18
-50 18
-50 17
-50 18
-51 18
-50 18
-50 19
-50 20
-49 20
-48 20
-48 21
-48 20
-48 19
-47 19
-47 18
-47 19
-47 20
-46 20
-45 20
-45 21
-45 22
-44 22
-45 22
-46 22
-46 21
-45 21
-46 21
-47 21
-46 21
-46 20
-45 20
-45 21
-44 21
-43 21
-44 21
-44 20
-44 19
-44 20
-44 19
-44 20
-43 20
-42 20
-43 20
-44 20
-43 20
-43 21
-44 21
-44 20
-44 19
-44 20
-44 19
-43 19
-42 19
-42 20
-42 19
-42 20
-42 21
-43 21
-42 21
-42 22
-43 22
-43 23
-43 24
-43 23
-43 22
-43 21
-42 21
-43 21
-44 21
-43 21
-43 20
-42 20
-43 20
-43 21
-42 21
-41 21
-42 21
-42 22
-42 23
-42 24
-41 24
-42 24
-43 24
-43 25
-43 26
-43 25
-42 25
-41 25
-41 24
-40 24
-40 25
-41 25
-40 25
-40 24
-39 24
-38 24
-39 24
-39 25
-38 25
-37 25
-36 25
-36 26
-37 26
-38 26
-37 26
-37 27
-37 28
-37 27
-37 26
-36 26
-35 26
-35 27
-35 26
-35 25
-34 25
-34 24
-34 23
-33 23
-33 24
-33 25
-34 25
-35 25
-35 24
-35 25
-35 24
-34 24
-34 23
-33 23
-32 23
-32 22
-31 22
-30 22
-30 21
-30 20
-30 19
-30 20
-30 21
-30 22
-31 22
-32 22
-32 23
-32 24
-33 24
-33 25
-33 26
-34 26
-34 27
-35 27
-35 28
-35 27
-35 28
-36 28
-36 29
-36 28
-35 28
-36 28
-35 28
-35 29
-34 29
-35 29
-35 28
-35 27
-36 27
-35 27
-36 27
-35 27
-34 27
-34 28
-35 28
-34 28
-34 27
-33 27
-34 27
-33 27
-34 27
-34 28
-33 28
-33 27
-34 27
-33 27
-32 27
-32 26
-32 27
-32 28
-33 28
-32 28
-32 27
-33 27
-32 27
-31 27
-31 28
-30 28
-29 28
-29 29
-28 29
-28 28
-29 28
-28 28
-28 29
-28 30
-27 30
-27 29
-27 28
-27 29
-26 29
-26 30
-27 30
-28 30
-28 31
-28 30
-29 30
-30 30
-30 31
-30 32
-30 31
-29 31
-29 32
-29 31
-29 32
-28 32
-29 32
-28 32
-28 31
-28 30
-27 30
-26 30
-26 31
-26 30
-27 30
-28 30
-29 30
-29 31
-28 31
-29 31
-29 32
-28 32
-28 33
-29 33
-30 33
-30 32
-30 31
-31 31
-30 31
-30 30
-31 30
-31 31
-32 31
-32 30
-32 29
-32 28
-32 27
-32 28
-33 28
-34 28
-33 28
-34 28
-33 28
-32 28
-32 29
-32 30
-33 30
-32 30
-32 29
-32 30
-32 29
-31 29
-31 30
-30 30
-30 29
-30 28
-31 28
-31 29
-31 28
-31 29
-31 28
-30 28
-30 27
-30 26
-30 25
-30 24
-30 25
-31 25
-32 25
-31 25
-31 24
-31 23
-31 24
-31 25
-30 25
-30 26
-30 27
-31 27
-32 27
-33 27
-33 26
-33 25
-33 26
-33 27
-32 27
-32 28
-31 28
-32 28
-32 27
-33 27
-32 27
-31 27
-30 27
-30 26
-30 27
-30 26
-30 25
-30 24
-30 23
-31 23
-31 24
-31 23
-31 24
-31 25
-31 26
-31 27
-30 27
-29 27
-29 28
-29 27
-30 27
-30 28
-30 29
-31 29
-31 30
-30 30
-30 31
-30 32
-30 33
-31 33
-32 33
-31 33
-30 33
-30 32
-30 33
-30 32
-29 32
-29 31
-28 31
-28 32
-29 32
-28 32
-28 33
-28 32
-28 33
-28 32
-28 33
-29 33
-30 33
-31 33
-31 32
-31 31
-31 32
-31 31
-32 31
-32 30
-32 29
-31 29
-30 29
-31 29
-31 28
-32 28
-32 27
-31 27
-30 27
-31 27
-31 28
-31 27
-32 27
-32 28
-32 27
-33 27
-34 27
-33 27
-33 28
-33 29
-34 29
-34 30
-34 31
-34 30
-35 30
-34 30
-35 30
-34 30
-33 30
-32 30
-32 31
-32 32
-32 31
-32 32
-33 32
-32 32
-32 33
-33 33
-33 32
-33 31
-32 31
-33 31
-33 30
-34 30
-35 30
-35 29
-35 30
-34 30
-33 30
-34 30
-34 29
-34 30
-34 29
-34 28
-34 27
-34 28
-34 27
-34 28
-35 28
-34 28
-35 28
-34 28
-33 28
-34 28
-33 28
-33 29
-32 29
-32 28
-33 28
-32 28
-32 29
-32 28
-33 28
-33 27
-32 27
-32 28
-33 28
-33 27
-34 27
-35 27
-36 27
-36 26
-36 27
-35 27
-35 26
-35 27
-36 27
-37 27
-36 27
-36 28
-37 28
-38 28
-37 28
-37 27
-37 28
-36 28
-36 27
-36 28
-37 28
-37 29
-36 29
-36 28
-36 27
-37 27
-36 27
-37 27
-37 26
-38 26
-38 25
-39 25
-40 25
-40 26
-40 25
-41 25
-41 26
-40 26
-39 26
-39 27
-39 28
-38 28
-38 27
-37 27
-36 27
-36 26
-35 26
-35 25
-35 24
-36 24
-35 24
-34 24
-35 24
-34 24
-34 25
-34 26
-34 25
-34 24
-33 24
-33 23
-34 23
-34 22
-33 22
-34 22
-34 21
-35 21
-34 21
-34 22
-34 21
-33 21
-34 21
-35 21
-35 20
-34 20
-33 20
-34 20
-34 21
-35 21
-34 21
-34 22
-34 21
-33 21
-33 22
-32 22
-32 21
-33 21
-33 22
-33 21
-33 22
-33 21
-32 21
-33 21
-32 21
-31 21
-32 21
-31 21
-30 21
-30 22
-29 22
-29 21
-28 21
-29 21
-28 21
-27 21
-27 20
-27 21
-27 22
-28 22
-29 22
-29 21
-29 22
-29 21
-30 21
-30 20
-31 20
-31 21
-31 22
-31 23
-31 24
-31 23
-31 22
-31 21
-32 21
-32 22
-31 22
-31 23
-31 24
-32 24
-32 25
-32 26
-31 26
-31 25
-32 25
-31 25
-31 24
-31 25
-32 25
-32 24
-32 23
-32 24
-31 24
-31 25
-30 25
-31 25
-32 25
-31 25
-31 26
-31 25
-31 24
-30 24
-30 23
-30 22
-29 22
-29 21
-30 21
-30 20
-30 19
-29 19
-29 20
-30 20
-29 20
-29 21
-28 21
-29 21
-30 21
-30 20
-29 20
-28 20
-29 20
-29 19
-30 19
-29 19
-29 20
-28 20
-27 20
-26 20
-25 20
-25 21
-25 22
-25 23
-25 24
-26 24
-26 25
-26 26
-26 25
-26 24
-25 24
-25 23
-25 22
-25 23
-24 23
-24 24
-25 24
-25 23
-26 23
-27 23
-27 22
-27 21
-26 21
-27 21
-28 21
-29 21
-29 20
-29 19
-28 19
-29 19
-29 18
-30 18
