0
0 8.55555833987369 20.654944977797303 29.210503317670995 29.210503317670995 20.654944977797303 8.555558339873688 0 0
9.75891715986928 1.2033588199955911 1.2033588199955911 9.75891715986928 21.858303797792896 30.413862137666587 30.413862137666587 21.858303797792896 9.75891715986928
2 19
2 20
2 21
2 20
3 20
3 19
2 19
3 19
3 20
2 20
2 21
3 21
3 22
2 22
2 23
3 23
4 23
3 23
3 24
4 24
3 24
4 24
3 24
3 23
3 22
3 21
4 21
3 21
2 21
3 21
3 20
2 20
2 21
1 21
1 20
0 20
1 20
1 19
1 18
2 18
2 17
3 17
2 17
2 16
1 16
2 16
2 15
2 14
1 14
2 14
1 14
0 14
0 15
0 16
1 16
2 16
1 16
0 16
1 16
1 15
2 15
2 16
1 16
2 16
2 17
1 17
0 17
0 16
0 15
0 16
1 16
0 16
0 15
1 15
2 15
2 16
1 16
1 17
2 17
2 18
3 18
4 18
5 18
5 19
5 20
5 21
6 21
7 21
7 20
7 19
8 19
9 19
9 18
10 18
10 17
10 18
10 17
10 18
10 19
10 20
9 20
9 19
8 19
8 18
8 17
7 17
8 17
7 17
7 16
7 17
7 16
7 15
8 15
9 15
10 15
10 14
10 15
11 15
11 16
11 15
11 16
12 16
13 16
14 16
13 16
12 16
13 16
13 15
14 15
14 16
13 16
13 15
12 15
12 14
13 14
14 14
15 14
15 15
14 15
15 15
14 15
14 14
15 14
14 14
14 13
15 13
14 13
14 14
15 14
15 15
16 15
17 15
17 16
16 16
16 17
16 16
16 17
16 18
16 19
16 20
16 21
16 22
17 22
17 23
17 24
16 24
17 24
16 24
16 23
16 24
15 24
15 23
16 23
16 24
15 24
15 23
14 23
13 23
14 23
13 23
14 23
14 24
13 24
13 23
13 22
13 23
14 23
14 22
13 22
13 23
12 23
13 23
14 23
15 23
15 22
15 23
15 22
14 22
14 23
14 24
14 25
14 24
14 23
13 23
13 22
14 22
13 22
12 22
13 22
14 22
14 23
13 23
12 23
12 24
13 24
14 24
13 24
13 23
13 24
14 24
14 23
13 23
13 22
14 22
15 22
16 22
16 23
17 23
17 22
16 22
17 22
16 22
16 21
16 22
15 22
14 22
13 22
13 21
13 22
14 22
15 22
16 22
15 22
15 23
16 23
16 22
17 22
18 22
18 21
19 21
19 20
18 20
18 19
19 19
18 19
19 19
18 19
19 19
20 19
20 18
20 19
19 19
19 18
19 19
20 19
21 19
21 18
21 17
20 17
20 18
20 17
21 17
20 17
19 17
19 16
19 17
20 17
20 16
20 15
19 15
20 15
19 15
20 15
20 16
20 15
21 15
21 14
22 14
22 13
23 13
22 13
22 14
22 15
23 15
22 15
22 16
23 16
24 16
23 16
23 15
23 16
23 15
23 16
23 17
23 18
23 19
24 19
24 20
25 20
25 19
25 20
26 20
27 20
27 21
27 20
27 21
27 20
27 21
28 21
27 21
26 21
26 20
26 21
26 20
26 19
26 18
26 17
27 17
27 16
27 17
28 17
29 17
29 16
29 17
29 16
29 17
29 18
28 18
28 19
28 20
28 21
28 22
28 21
27 21
27 22
26 22
27 22
28 22
27 22
26 22
27 22
27 23
27 24
27 23
27 22
26 22
25 22
24 22
24 21
24 20
25 20
25 21
24 21
24 22
24 23
24 24
25 24
25 23
25 24
25 23
25 22
24 22
25 22
25 21
24 21
24 20
23 20
23 19
23 18
23 19
24 19
25 19
25 18
25 17
26 17
26 18
27 18
27 19
28 19
29 19
28 19
28 20
28 19
28 20
27 20
28 20
27 20
27 21
26 21
26 20
26 21
27 21
27 22
26 22
27 22
26 22
27 22
28 22
27 22
28 22
28 23
27 23
28 23
28 22
29 22
28 22
28 21
27 21
27 20
26 20
26 21
25 21
26 21
25 21
25 22
25 21
24 21
24 22
24 21
25 21
25 20
25 19
24 19
24 18
23 18
23 17
22 17
21 17
22 17
23 17
23 18
24 18
25 18
25 19
25 20
24 20
24 21
25 21
25 22
25 23
25 24
24 24
23 24
24 24
25 24
24 24
24 23
25 23
25 22
24 22
23 22
22 22
21 22
21 21
20 21
20 20
21 20
21 21
20 21
20 22
20 23
20 24
20 23
20 22
20 21
20 20
19 20
18 20
18 21
19 21
18 21
18 20
18 19
19 19
19 18
18 18
18 19
18 20
19 20
18 20
18 21
19 21
18 21
19 21
18 21
17 21
16 21
15 21
14 21
14 20
14 19
15 19
14 19
15 19
15 18
16 18
16 17
15 17
15 18
16 18
16 19
17 19
17 20
17 19
17 20
16 20
16 19
16 20
17 20
18 20
18 21
17 21
17 20
18 20
19 20
19 19
19 20
20 20
19 20
19 19
20 19
20 18
21 18
21 19
21 20
21 19
21 18
22 18
22 17
23 17
24 17
24 16
23 16
23 17
22 17
22 18
22 17
23 17
24 17
23 17
23 16
22 16
23 16
24 16
25 16
26 16
26 15
25 15
24 15
24 14
24 13
25 13
25 14
25 15
26 15
25 15
24 15
24 14
24 13
24 14
23 14
23 15
23 16
23 17
24 17
25 17
24 17
24 18
23 18
23 17
23 18
23 17
23 18
23 19
23 18
23 19
23 18
23 19
23 20
22 20
23 20
24 20
23 20
22 20
22 19
22 18
22 17
22 16
23 16
23 15
23 16
23 17
22 17
22 18
22 19
21 19
21 20
20 20
21 20
22 20
22 19
22 18
22 17
22 16
23 16
24 16
24 15
23 15
23 16
23 17
23 16
22 16
22 15
22 16
23 16
22 16
21 16
22 16
22 17
21 17
20 17
21 17
21 16
21 17
21 18
21 19
20 19
19 19
19 20
19 19
19 18
19 17
19 18
20 18
20 17
21 17
22 17
22 16
22 17
21 17
21 16
22 16
22 15
23 15
22 15
23 15
23 16
23 17
23 18
23 17
23 16
24 16
24 17
23 17
24 17
23 17
23 16
22 16
21 16
21 15
21 14
21 15
21 16
20 16
20 15
21 15
22 15
21 15
21 16
20 16
21 16
20 16
20 15
19 15
19 16
19 15
18 15
19 15
18 15
19 15
19 16
19 15
19 14
20 14
19 14
19 15
18 15
18 16
19 16
20 16
20 17
21 17
20 17
20 18
20 17
21 17
21 18
21 17
22 17
23 17
22 17
22 16
21 16
20 16
20 17
20 18
20 19
21 19
21 20
21 19
21 18
21 19
21 20
20 20
20 19
20 20
20 19
21 19
22 19
22 18
21 18
22 18
23 18
23 19
23 18
24 18
24 19
24 18
25 18
25 19
25 18
24 18
25 18
25 17
25 16
25 15
25 14
26 14
26 13
26 12
27 12
26 12
26 13
25 13
24 13
23 13
23 14
23 15
23 16
23 17
23 16
23 15
23 14
22 14
21 14
20 14
20 15
19 15
19 16
20 16
19 16
20 16
20 15
21 15
20 15
20 16
20 17
20 18
19 18
20 18
19 18
19 19
18 19
18 18
18 17
19 17
20 17
19 17
19 18
19 19
20 19
20 20
20 21
20 22
20 21
19 21
20 21
20 22
21 22
21 23
21 22
21 21
20 21
20 20
20 21
21 21
20 21
20 20
20 21
20 20
20 21
19 21
19 22
19 23
19 24
19 23
19 24
20 24
20 25
20 24
20 23
21 23
21 22
21 21
20 21
20 20
20 19
19 19
19 18
19 19
18 19
19 19
19 20
19 21
20 21
20 20
20 21
19 21
19 20
19 19
18 19
18 20
19 20
18 20
18 19
18 18
17 18
16 18
16 17
16 18
16 19
15 19
16 19
16 18
16 19
15 19
14 19
14 18
15 18
16 18
16 19
15 19
14 19
14 18
15 18
14 18
13 18
12 18
12 19
11 19
11 20
11 21
10 21
10 20
11 20
12 20
11 20
11 19
10 19
10 20
9 20
8 20
7 20
6 20
5 20
6 20
7 20
6 20
6 19
6 20
7 20
8 20
7 20
7 21
7 20
7 21
8 21
8 22
9 22
10 22
11 22
11 21
10 21
11 21
10 21
10 22
10 23
10 24
10 25
10 26
10 25
10 26
9 26
9 27
9 26
9 27
8 27
8 26
8 25
9 25
9 24
10 24
9 24
9 23
8 23
8 24
9 24
10 24
9 24
10 24
10 23
9 23
10 23
10 22
9 22
9 21
10 21
9 21
8 21
9 21
9 20
8 20
8 21
8 20
7 20
7 21
7 20
8 20
9 20
9 21
9 20
10 20
9 20
8 20
8 19
7 19
6 19
5 19
5 18
6 18
5 18
6 18
6 17
6 16
6 15
7 15
8 15
8 14
8 15
7 15
7 14
8 14
9 14
9 15
9 14
9 15
9 14
9 13
9 14
10 14
11 14
11 13
12 13
13 13
14 13
13 13
13 14
14 14
14 13
15 13
14 13
15 13
16 13
16 14
16 13
16 12
15 12
15 13
15 12
15 13
15 12
16 12
16 11
16 12
15 12
14 12
13 12
13 11
12 11
13 11
14 11
13 11
14 11
14 12
14 13
15 13
15 12
15 13
16 13
17 13
17 14
16 14
16 15
16 14
15 14
15 13
14 13
14 12
13 12
14 12
14 11
14 10
13 10
13 9
13 10
14 10
14 11
13 11
12 11
13 11
13 12
14 12
15 12
16 12
15 12
15 13
15 12
16 12
16 13
16 12
17 12
17 11
17 10
17 11
16 11
15 11
15 12
14 12
14 11
14 12
15 12
15 11
16 11
16 10
15 10
14 10
14 11
15 11
15 12
16 12
15 12
15 11
14 11
14 12
14 13
13 13
13 14
12 14
12 13
12 14
13 14
13 15
12 15
11 15
11 14
12 14
13 14
13 13
12 13
12 14
13 14
13 15
14 15
15 15
15 14
16 14
17 14
17 15
16 15
17 15
17 14
16 14
16 15
16 14
16 13
15 13
16 13
16 14
15 14
14 14
13 14
14 14
15 14
14 14
14 15
14 14
14 13
14 14
13 14
14 14
13 14
13 15
13 14
13 15
13 16
13 15
14 15
14 14
15 14
14 14
14 15
14 16
14 17
14 18
14 19
14 20
14 21
14 20
13 20
14 20
14 21
13 21
12 21
13 21
14 21
14 22
15 22
15 21
15 20
15 19
16 19
15 19
14 19
13 19
13 18
12 18
12 17
12 16
12 15
11 15
11 14
10 14
9 14
9 15
10 15
10 14
10 13
11 13
10 13
10 12
9 12
8 12
7 12
7 13
7 14
8 14
8 13
8 12
7 12
8 12
8 11
8 10
8 9
8 10
7 10
8 10
9 10
10 10
10 9
11 9
11 8
12 8
12 9
11 9
12 9
12 8
12 9
13 9
13 10
13 9
13 10
12 10
11 10
10 10
11 10
12 10
12 9
13 9
12 9
13 9
14 9
14 8
13 8
13 9
12 9
13 9
14 9
14 10
13 10
13 9
13 10
13 11
12 11
13 11
14 11
14 10
15 10
14 10
13 10
13 9
13 10
13 9
14 9
14 10
14 9
14 8
15 8
14 8
13 8
13 7
12 7
12 6
13 6
13 5
13 6
13 5
12 5
12 4
12 5
12 4
11 4
11 5
11 6
12 6
13 6
13 5
13 4
13 3
12 3
12 2
13 2
13 3
12 3
12 2
11 2
12 2
12 3
12 2
12 3
12 4
12 3
13 3
12 3
11 3
11 4
11 3
11 4
11 3
12 3
12 4
12 5
13 5
14 5
13 5
13 4
13 5
13 6
12 6
11 6
12 6
11 6
11 5
11 4
11 3
11 4
11 5
11 6
10 6
10 5
9 5
9 4
10 4
9 4
9 3
9 2
