0
0 18.7997120597325 37.599424119465 18.7997120597325 0
26.58680776358274 45.38651982331524417759 26.58680776358274 7.787095703850236641354 26.58680776358274
28 36
27 36
27 37
26 37
25 37
26 37
26 36
26 37
27 37
27 36
27 37
26 37
26 36
26 35
26 36
25 36
25 37
25 36
25 35
25 36
25 35
26 35
26 34
26 33
26 34
27 34
27 35
28 35
29 35
29 34
30 34
30 33
30 32
30 31
31 31
31 32
31 33
31 32
31 33
31 32
32 32
31 32
31 31
32 31
32 30
32 31
31 31
30 31
30 30
29 30
28 30
27 30
26 30
26 29
26 30
26 31
27 31
28 31
28 30
28 31
28 30
27 30
27 31
27 32
27 31
26 31
27 31
27 30
27 31
28 31
28 30
28 31
28 32
29 32
29 31
28 31
27 31
27 32
27 31
27 30
27 29
27 30
28 30
28 31
28 32
28 33
28 32
28 31
29 31
30 31
30 30
30 31
30 32
29 32
30 32
29 32
30 32
29 32
29 31
29 32
29 33
28 33
28 32
28 33
28 34
28 35
28 34
27 34
27 33
26 33
27 33
27 32
28 32
28 33
29 33
30 33
30 34
29 34
29 33
29 34
30 34
30 33
30 32
30 33
30 32
30 31
31 31
32 31
32 30
32 29
32 30
32 31
32 30
32 29
32 28
31 28
31 29
32 29
33 29
33 30
33 29
32 29
31 29
32 29
33 29
33 30
33 31
33 30
33 29
33 28
34 28
34 27
35 27
36 27
36 28
36 27
35 27
35 26
34 26
33 26
33 27
33 28
34 28
34 29
34 30
34 29
34 30
34 29
34 30
33 30
33 31
32 31
32 30
32 29
32 28
31 28
31 29
30 29
29 29
29 28
29 29
30 29
31 29
31 30
31 31
30 31
31 31
31 32
31 33
31 32
32 32
32 31
33 31
33 30
34 30
34 29
34 30
34 29
34 30
33 30
33 29
33 28
33 29
32 29
32 30
31 30
31 31
30 31
30 30
30 29
29 29
30 29
30 28
31 28
30 28
29 28
29 29
30 29
31 29
31 28
32 28
32 27
32 28
31 28
31 29
31 28
32 28
32 29
32 28
31 28
32 28
32 29
32 30
31 30
32 30
33 30
32 30
31 30
31 31
31 30
30 30
29 30
29 31
29 32
29 33
29 32
29 33
28 33
28 34
28 33
29 33
29 32
29 31
28 31
29 31
30 31
29 31
29 32
29 33
28 33
29 33
29 32
29 33
29 32
29 31
29 30
29 31
29 32
29 33
29 32
28 32
29 32
28 32
29 32
29 31
30 31
30 32
31 32
30 32
31 32
31 31
30 31
31 31
30 31
31 31
31 32
30 32
29 32
28 32
28 31
28 30
28 31
29 31
29 32
30 32
30 31
30 32
31 32
32 32
32 31
32 32
31 32
31 33
31 32
31 33
30 33
31 33
30 33
30 34
29 34
29 33
30 33
30 34
30 33
29 33
28 33
29 33
30 33
30 32
30 33
30 34
30 33
29 33
28 33
28 32
29 32
30 32
29 32
29 31
30 31
29 31
28 31
27 31
26 31
26 30
25 30
25 29
25 28
26 28
26 29
25 29
25 28
25 27
24 27
24 26
25 26
24 26
23 26
23 25
23 24
23 25
24 25
24 26
25 26
24 26
24 25
24 24
23 24
22 24
23 24
23 25
23 24
22 24
22 25
21 25
21 24
21 25
21 24
20 24
19 24
18 24
19 24
19 25
20 25
20 26
20 27
19 27
19 28
19 27
19 26
18 26
19 26
19 27
19 26
18 26
17 26
17 25
17 24
18 24
19 24
20 24
19 24
18 24
18 23
17 23
18 23
18 24
18 25
18 26
17 26
18 26
19 26
20 26
20 25
20 26
19 26
20 26
21 26
22 26
23 26
24 26
23 26
23 25
24 25
24 26
25 26
25 27
25 26
26 26
26 27
27 27
26 27
25 27
24 27
24 28
24 29
24 28
25 28
25 29
25 30
25 31
25 32
25 31
25 32
26 32
27 32
27 33
27 34
28 34
28 33
27 33
28 33
29 33
30 33
30 34
29 34
29 33
29 32
29 31
30 31
29 31
29 32
30 32
30 33
31 33
31 32
30 32
30 31
31 31
31 30
31 29
31 28
30 28
29 28
30 28
30 29
29 29
29 30
29 31
30 31
30 30
30 31
29 31
30 31
31 31
32 31
32 30
31 30
31 31
31 32
30 32
31 32
31 33
31 32
32 32
32 31
32 30
31 30
31 29
32 29
33 29
34 29
33 29
34 29
34 28
33 28
34 28
34 27
34 26
34 27
34 26
34 25
35 25
36 25
36 26
35 26
34 26
34 27
34 26
35 26
35 25
34 25
35 25
36 25
36 26
36 25
36 26
36 25
36 26
37 26
37 27
37 26
37 27
36 27
36 26
37 26
36 26
37 26
37 27
37 26
36 26
36 27
36 28
36 27
37 27
36 27
37 27
37 26
36 26
36 25
35 25
35 26
35 27
35 26
35 27
34 27
34 26
35 26
35 25
35 24
35 25
35 24
34 24
34 23
34 24
34 23
34 24
34 23
33 23
33 24
32 24
32 25
31 25
32 25
32 24
31 24
32 24
33 24
32 24
31 24
31 25
31 26
30 26
29 26
29 25
30 25
30 26
31 26
31 25
32 25
31 25
30 25
30 26
29 26
29 27
28 27
28 26
28 25
27 25
27 24
27 23
27 24
28 24
27 24
26 24
25 24
26 24
26 25
25 25
24 25
24 26
24 27
24 28
24 27
24 26
25 26
24 26
24 27
24 28
25 28
26 28
25 28
25 29
25 28
25 27
26 27
26 28
25 28
26 28
25 28
25 27
25 28
25 29
26 29
25 29
26 29
26 28
25 28
25 29
26 29
26 30
25 30
26 30
25 30
25 29
24 29
24 28
25 28
25 27
25 26
26 26
25 26
26 26
26 25
26 24
26 25
26 26
25 26
25 27
26 27
27 27
26 27
25 27
26 27
26 28
26 27
26 26
26 27
26 26
25 26
24 26
25 26
25 25
25 24
25 25
25 24
26 24
25 24
25 23
25 24
25 23
26 23
25 23
25 22
25 21
24 21
25 21
24 21
25 21
25 22
26 22
25 22
24 22
23 22
23 21
23 20
22 20
22 19
22 18
21 18
22 18
21 18
22 18
22 17
22 18
23 18
24 18
25 18
26 18
27 18
27 17
26 17
26 18
27 18
26 18
27 18
27 17
28 17
27 17
27 16
26 16
25 16
26 16
26 17
25 17
26 17
25 17
25 18
26 18
27 18
27 19
27 20
27 21
27 22
28 22
28 21
28 20
28 19
28 20
28 19
28 18
28 19
27 19
27 20
27 19
27 20
27 21
27 20
28 20
29 20
29 21
30 21
30 22
29 22
29 23
28 23
28 24
27 24
27 23
27 22
27 23
28 23
27 23
27 24
26 24
26 23
26 24
27 24
27 23
27 22
28 22
29 22
29 21
28 21
28 22
29 22
30 22
30 21
30 22
30 23
29 23
28 23
28 24
28 25
28 26
27 26
26 26
26 25
27 25
28 25
28 24
29 24
29 25
29 24
28 24
27 24
26 24
26 25
25 25
26 25
26 24
27 24
27 23
27 24
27 23
27 24
27 25
28 25
29 25
29 26
30 26
29 26
28 26
28 25
27 25
27 24
26 24
27 24
27 25
26 25
26 24
26 23
27 23
27 22
26 22
27 22
27 21
27 20
26 20
26 21
27 21
27 20
26 20
26 21
26 22
25 22
26 22
27 22
26 22
25 22
25 21
25 22
24 22
25 22
25 21
25 22
26 22
25 22
25 23
25 24
25 23
25 24
24 24
25 24
25 25
25 26
26 26
26 27
27 27
27 28
26 28
25 28
26 28
27 28
26 28
27 28
27 29
27 30
26 30
27 30
27 29
27 28
27 27
27 28
27 27
26 27
26 26
25 26
26 26
26 25
25 25
25 26
24 26
24 27
24 28
24 29
24 30
25 30
25 29
25 28
25 29
25 28
26 28
27 28
27 29
27 28
27 27
26 27
25 27
25 26
26 26
25 26
25 25
25 24
25 25
25 26
25 27
24 27
24 26
24 25
25 25
24 25
25 25
25 24
26 24
25 24
26 24
26 23
26 24
26 23
25 23
24 23
24 22
23 22
23 23
24 23
25 23
26 23
26 24
25 24
25 23
26 23
26 22
26 23
26 22
25 22
24 22
24 23
24 22
24 21
24 22
24 21
23 21
22 21
22 20
22 19
22 20
23 20
22 20
22 19
22 18
23 18
23 17
24 17
23 17
22 17
21 17
20 17
20 16
20 15
19 15
20 15
19 15
19 14
18 14
18 15
18 16
18 15
18 16
18 15
18 14
19 14
18 14
18 15
18 16
17 16
17 15
16 15
15 15
15 16
16 16
15 16
15 15
16 15
15 15
14 15
13 15
13 16
13 15
13 14
13 15
12 15
13 15
12 15
12 16
12 15
12 16
11 16
11 17
11 18
10 18
10 19
9 19
9 18
9 19
10 19
11 19
12 19
11 19
10 19
10 18
9 18
9 19
9 20
10 20
10 21
9 21
10 21
11 21
11 22
11 21
12 21
12 20
12 19
12 20
11 20
12 20
12 19
12 18
12 17
13 17
14 17
14 16
13 16
13 17
12 17
13 17
13 16
13 15
14 15
14 14
13 14
13 15
14 15
13 15
12 15
13 15
14 15
15 15
15 16
15 15
15 14
15 13
16 13
16 12
16 13
17 13
16 13
16 12
16 13
16 14
16 15
16 16
17 16
17 17
17 16
16 16
17 16
16 16
17 16
18 16
17 16
17 17
17 16
17 15
16 15
17 15
17 14
17 13
16 13
16 14
15 14
15 15
15 16
15 15
16 15
16 14
17 14
18 14
18 13
19 13
18 13
19 13
19 12
20 12
20 13
19 13
18 13
18 14
18 13
17 13
17 12
17 11
17 10
18 10
19 10
19 9
18 9
18 10
19 10
19 11
18 11
17 11
18 11
18 12
17 12
17 11
18 11
18 10
19 10
19 11
19 10
20 10
21 10
20 10
20 9
20 10
19 10
19 11
18 11
18 10
19 10
19 11
19 10
19 11
20 11
20 12
19 12
19 13
19 14
18 14
18 15
19 15
20 15
20 14
21 14
20 14
21 14
21 15
21 16
21 17
20 17
19 17
19 18
19 19
19 20
18 20
17 20
17 21
18 21
19 21
19 22
19 23
19 22
18 22
18 21
18 22
18 23
17 23
17 22
17 21
17 22
18 22
18 21
18 20
18 19
17 19
16 19
16 20
15 20
16 20
15 20
14 20
14 19
15 19
14 19
13 19
14 19
14 20
13 20
14 20
14 21
13 21
13 22
14 22
13 22
12 22
11 22
11 23
10 23
9 23
9 24
9 25
9 26
9 27
9 26
10 26
9 26
10 26
10 27
10 26
11 26
12 26
12 27
12 28
12 29
12 28
11 28
11 29
11 30
10 30
9 30
10 30
10 29
10 30
10 29
11 29
11 28
10 28
11 28
11 29
12 29
11 29
11 30
10 30
10 29
11 29
10 29
10 28
11 28
10 28
11 28
11 29
10 29
10 30
9 30
10 30
10 31
11 31
11 30
11 29
11 30
10 30
9 30
10 30
11 30
11 29
11 30
12 30
12 29
12 28
12 27
13 27
12 27
11 27
11 28
12 28
11 28
12 28
12 27
13 27
13 28
13 29
12 29
12 30
13 30
13 29
13 30
14 30
14 31
15 31
15 30
16 30
17 30
17 31
16 31
16 32
16 31
17 31
18 31
19 31
19 32
18 32
17 32
17 33
17 32
16 32
15 32
15 31
14 31
15 31
14 31
13 31
13 32
14 32
13 32
12 32
11 32
11 31
11 30
12 30
12 29
12 30
11 30
10 30
11 30
12 30
12 29
13 29
12 29
12 28
11 28
10 28
11 28
10 28
9 28
9 27
8 27
7 27
6 27
6 28
6 27
6 26
5 26
