0
0 29.0241446826814 58.0482893653628 0
0 24.354149098473976 0 0
14 1
15 1
16 1
17 1
17 2
17 3
16 3
17 3
17 2
16 2
16 3
17 3
17 2
18 2
19 2
19 1
19 2
18 2
18 1
18 2
17 2
18 2
19 2
18 2
17 2
18 2
18 3
19 3
18 3
18 2
19 2
19 3
19 2
20 2
20 1
21 1
21 2
20 2
20 3
20 4
20 3
19 3
19 4
18 4
18 5
18 4
19 4
19 3
20 3
20 4
20 3
19 3
20 3
19 3
18 3
19 3
19 4
19 3
19 2
18 2
19 2
19 3
20 3
19 3
19 4
19 3
18 3
18 4
19 4
18 4
19 4
20 4
20 5
19 5
20 5
20 6
20 5
20 6
20 5
21 5
22 5
23 5
22 5
23 5
23 6
23 5
24 5
24 4
24 5
25 5
25 4
24 4
24 3
24 2
23 2
23 3
23 4
22 4
23 4
24 4
25 4
24 4
23 4
24 4
24 3
24 4
25 4
25 3
25 2
24 2
23 2
24 2
24 1
25 1
26 1
26 2
25 2
24 2
24 3
24 4
25 4
25 3
24 3
24 4
24 3
24 4
25 4
25 3
24 3
24 2
25 2
25 1
25 0
25 1
26 1
26 2
26 3
26 2
26 3
27 3
27 4
27 3
27 2
26 2
25 2
25 1
25 0
24 0
23 0
24 0
25 0
25 1
25 0
24 0
23 0
22 0
22 1
23 1
22 1
22 0
23 0
22 0
21 0
20 0
19 0
19 1
20 1
20 0
21 0
20 0
21 0
21 1
21 0
22 0
22 1
22 0
23 0
22 0
21 0
21 1
22 1
23 1
22 1
22 2
23 2
23 1
23 2
23 3
22 3
23 3
23 4
22 4
22 5
22 4
22 5
22 4
22 5
23 5
23 4
24 4
24 5
24 6
24 5
25 5
24 5
25 5
25 4
25 5
25 6
25 7
25 8
24 8
23 8
23 7
24 7
24 6
25 6
25 7
24 7
24 6
24 7
23 7
24 7
25 7
25 8
26 8
27 8
26 8
27 8
28 8
27 8
27 9
26 9
26 8
27 8
27 7
27 8
26 8
25 8
26 8
26 9
27 9
27 8
27 7
27 6
27 5
26 5
27 5
27 6
26 6
25 6
25 7
25 6
25 7
26 7
26 6
27 6
27 5
27 6
26 6
26 7
26 6
26 7
25 7
24 7
24 8
24 7
25 7
25 8
25 7
24 7
24 8
24 9
24 10
24 9
23 9
23 10
24 10
25 10
25 11
25 12
25 13
24 13
24 12
24 11
24 12
24 13
24 14
24 13
24 14
24 15
23 15
22 15
22 16
23 16
23 17
23 16
22 16
21 16
20 16
21 16
21 17
22 17
23 17
24 17
25 17
25 16
25 17
25 18
24 18
23 18
23 19
23 18
23 19
24 19
25 19
25 18
26 18
26 17
25 17
25 16
26 16
26 17
26 18
27 18
27 19
27 20
27 21
28 21
28 20
28 19
27 19
27 18
27 19
27 18
26 18
27 18
27 17
27 16
26 16
25 16
25 17
24 17
25 17
24 17
24 18
23 18
24 18
24 17
24 18
23 18
23 19
24 19
24 20
25 20
26 20
26 19
26 18
26 19
25 19
25 20
24 20
24 19
24 20
24 19
24 20
25 20
24 20
25 20
25 19
25 20
26 20
26 21
27 21
27 20
27 19
27 18
27 19
27 20
27 21
26 21
26 20
27 20
26 20
26 21
26 20
26 19
27 19
28 19
28 20
28 21
28 22
29 22
30 22
30 21
31 21
31 20
32 20
31 20
31 21
31 22
30 22
29 22
30 22
29 22
30 22
30 21
31 21
32 21
32 20
31 20
31 21
31 20
31 19
30 19
31 19
31 18
32 18
31 18
30 18
31 18
32 18
31 18
31 17
31 16
30 16
30 15
29 15
29 16
29 15
28 15
27 15
28 15
27 15
26 15
26 14
25 14
25 15
26 15
27 15
28 15
28 14
29 14
28 14
28 13
29 13
28 13
27 13
26 13
26 12
25 12
25 11
25 12
26 12
27 12
26 12
26 13
25 13
24 13
24 12
23 12
23 13
22 13
22 12
22 13
21 13
22 13
21 13
22 13
23 13
23 12
23 13
22 13
22 12
22 11
22 10
22 11
21 11
21 12
22 12
22 13
22 14
22 15
22 14
22 15
21 15
20 15
20 16
21 16
22 16
22 15
22 14
22 15
21 15
22 15
22 14
22 15
22 14
23 14
22 14
21 14
21 13
22 13
23 13
23 12
22 12
22 13
21 13
21 12
22 12
22 11
22 12
22 13
21 13
21 14
22 14
22 15
23 15
23 14
24 14
24 13
24 14
24 13
24 14
24 15
24 16
23 16
24 16
24 17
24 16
23 16
23 17
22 17
23 17
23 16
22 16
23 16
22 16
22 15
22 16
22 17
22 16
21 16
20 16
20 15
21 15
22 15
21 15
21 14
21 13
21 14
20 14
19 14
20 14
19 14
18 14
17 14
18 14
18 15
19 15
18 15
18 14
19 14
18 14
17 14
17 13
16 13
16 12
15 12
16 12
17 12
17 13
18 13
18 12
19 12
20 12
21 12
21 13
20 13
21 13
22 13
22 14
23 14
24 14
25 14
25 15
24 15
24 16
23 16
23 15
22 15
22 16
22 15
23 15
24 15
24 14
25 14
26 14
26 15
26 16
25 16
26 16
26 17
25 17
26 17
26 18
25 18
25 19
25 18
26 18
25 18
24 18
25 18
26 18
26 19
25 19
25 18
25 17
25 16
25 15
25 14
25 15
26 15
27 15
27 16
28 16
28 17
29 17
29 16
28 16
29 16
29 17
28 17
28 18
27 18
27 17
26 17
27 17
26 17
25 17
25 16
24 16
24 17
23 17
23 18
24 18
23 18
23 17
22 17
22 18
23 18
23 19
24 19
23 19
23 18
23 19
24 19
24 20
25 20
26 20
27 20
26 20
27 20
26 20
27 20
27 21
27 20
27 19
27 18
28 18
29 18
29 19
30 19
30 18
29 18
29 17
29 16
29 15
30 15
29 15
29 14
29 15
29 16
29 15
29 16
28 16
28 15
29 15
28 15
28 14
28 15
28 14
28 13
27 13
27 12
27 11
28 11
29 11
28 11
29 11
29 10
29 9
29 8
30 8
29 8
29 9
29 8
28 8
27 8
27 7
27 6
27 7
27 8
27 7
27 6
27 7
27 8
26 8
26 9
25 9
24 9
25 9
26 9
25 9
24 9
24 8
23 8
24 8
24 7
25 7
25 6
24 6
24 5
24 6
24 5
24 4
23 4
23 5
23 4
23 5
22 5
22 4
22 3
22 4
22 3
22 2
22 1
22 2
21 2
22 2
22 1
22 0
23 0
24 0
25 0
25 1
25 2
25 3
26 3
26 2
27 2
27 1
27 2
28 2
29 2
30 2
30 3
31 3
31 2
31 3
30 3
30 2
29 2
28 2
27 2
26 2
26 3
27 3
26 3
26 2
26 1
26 0
25 0
26 0
27 0
27 1
28 1
29 1
28 1
27 1
27 2
26 2
26 3
26 2
26 3
27 3
27 4
27 5
27 4
27 3
27 4
27 5
27 4
26 4
27 4
27 3
26 3
25 3
25 4
25 3
26 3
27 3
27 2
28 2
28 1
29 1
30 1
31 1
32 1
33 1
34 1
35 1
35 0
34 0
33 0
33 1
33 2
32 2
32 3
31 3
31 4
30 4
31 4
30 4
29 4
30 4
30 5
30 4
30 3
29 3
29 2
30 2
31 2
31 1
32 1
32 2
32 3
31 3
30 3
30 4
31 4
31 5
31 4
32 4
33 4
34 4
33 4
33 3
33 4
33 5
33 6
34 6
34 7
34 6
34 5
33 5
33 4
33 3
32 3
33 3
33 2
32 2
32 1
32 2
32 1
33 1
32 1
33 1
33 0
34 0
33 0
33 1
32 1
32 2
31 2
31 1
32 1
32 2
32 3
31 3
30 3
31 3
32 3
32 4
33 4
33 3
32 3
31 3
30 3
30 2
30 1
31 1
31 0
30 0
29 0
29 1
29 0
28 0
29 0
28 0
27 0
28 0
28 1
28 0
27 0
28 0
29 0
28 0
28 1
29 1
28 1
29 1
28 1
27 1
28 1
28 2
27 2
26 2
25 2
25 1
26 1
25 1
25 2
24 2
24 1
24 0
24 1
24 2
24 3
24 2
24 1
24 2
24 1
25 1
25 0
25 1
25 0
25 1
24 1
24 2
24 3
25 3
25 4
24 4
25 4
24 4
24 5
24 4
25 4
25 5
25 4
25 3
24 3
25 3
26 3
27 3
27 4
26 4
26 5
26 4
26 5
25 5
26 5
26 6
25 6
25 5
25 6
26 6
27 6
27 7
26 7
26 8
26 7
26 8
26 9
25 9
25 8
26 8
25 8
25 7
25 6
25 5
25 4
26 4
25 4
26 4
27 4
27 3
26 3
26 4
26 3
27 3
27 4
28 4
28 5
27 5
27 4
27 5
27 6
27 5
27 4
27 5
27 6
27 5
28 5
28 4
27 4
27 3
26 3
26 4
26 5
26 6
27 6
28 6
28 5
27 5
26 5
25 5
24 5
23 5
22 5
22 4
21 4
21 5
21 4
21 5
22 5
22 4
22 5
23 5
23 4
23 3
23 2
24 2
24 3
23 3
22 3
21 3
21 4
22 4
22 5
21 5
20 5
20 6
20 5
20 4
21 4
21 5
22 5
22 4
23 4
22 4
22 3
21 3
20 3
19 3
20 3
19 3
18 3
19 3
19 4
18 4
17 4
16 4
15 4
15 5
14 5
13 5
14 5
14 6
13 6
13 5
13 4
12 4
12 3
13 3
14 3
13 3
12 3
12 2
12 3
13 3
12 3
12 4
11 4
12 4
13 4
14 4
14 5
14 6
15 6
15 7
14 7
13 7
13 6
13 7
13 8
12 8
11 8
12 8
11 8
11 7
12 7
13 7
14 7
15 7
15 6
15 5
16 5
16 6
17 6
17 7
16 7
16 6
17 6
17 5
18 5
18 6
18 5
17 5
17 6
17 5
17 4
16 4
16 5
16 6
17 6
17 7
18 7
17 7
16 7
16 8
16 9
15 9
15 8
16 8
15 8
15 7
15 6
16 6
16 5
16 6
15 6
15 5
14 5
15 5
15 6
16 6
17 6
18 6
18 5
18 4
18 3
19 3
18 3
17 3
18 3
18 2
17 2
16 2
16 1
16 0
16 1
16 0
15 0
14 0
15 0
16 0
15 0
14 0
14 1
14 0
15 0
14 0
15 0
16 0
16 1
15 1
15 0
15 1
15 0
16 0
15 0
14 0
14 1
13 1
13 2
13 3
14 3
15 3
14 3
14 2
14 3
14 2
14 1
13 1
14 1
15 1
14 1
15 1
15 2
16 2
17 2
18 2
18 1
17 1
17 2
18 2
18 3
18 4
18 5
19 5
18 5
19 5
20 5
19 5
19 4
19 3
20 3
19 3
19 4
20 4
19 4
19 3
19 2
19 3
19 4
19 3
19 4
19 5
19 4
18 4
18 3
17 3
18 3
19 3
18 3
18 4
17 4
17 5
16 5
15 5
14 5
14 6
13 6
13 7
13 8
13 7
13 8
12 8
13 8
13 7
13 6
14 6
13 6
13 5
14 5
15 5
15 6
15 5
15 6
14 6
13 6
12 6
11 6
11 7
10 7
11 7
10 7
9 7
10 7
11 7
10 7
10 6
10 5
10 4
11 4
10 4
11 4
12 4
13 4
12 4
12 3
12 4
13 4
13 5
12 5
11 5
12 5
12 6
13 6
13 5
13 4
14 4
14 3
15 3
16 3
17 3
16 3
17 3
18 3
18 4
18 3
17 3
17 4
16 4
16 3
16 4
16 3
16 2
15 2
15 3
16 3
15 3
16 3
16 4
17 4
17 3
17 4
17 3
18 3
18 4
19 4
19 5
18 5
19 5
20 5
20 4
20 3
20 2
20 3
20 2
19 2
19 3
19 2
19 3
20 3
19 3
19 4
19 5
19 6
19 5
19 4
19 3
18 3
19 3
18 3
18 2
18 1
17 1
16 1
15 1
14 1
13 1
13 2
14 2
14 1
14 0
14 1
14 0
13 0
12 0
11 0
10 0
11 0
11 1
11 2
11 1
11 0
12 0
13 0
13 1
12 1
12 2
12 3
11 3
12 3
12 2
11 2
11 1
11 0
10 0
9 0
8 0
7 0
8 0
8 1
8 0
9 0
10 0
11 0
10 0
10 1
10 2
10 1
9 1
10 1
10 2
10 3
9 3
10 3
11 3
10 3
11 3
11 4
11 3
10 3
9 3
9 2
9 3
8 3
8 2
8 1
8 0
7 0
6 0
6 1
6 2
5 2
5 3
6 3
5 3
4 3
4 2
4 3
4 2
5 2
6 2
5 2
5 3
6 3
6 4
6 5
6 4
6 5
6 4
6 3
7 3
8 3
8 4
7 4
7 3
6 3
5 3
5 2
4 2
4 3
5 3
6 3
6 2
5 2
5 1
6 1
5 1
5 2
5 1
5 0
4 0
5 0
4 0
3 0
3 1
2 1
2 0
1 0
0 0
1 0
2 0
1 0
0 0
1 0
2 0
1 0
2 0
1 0
2 0
3 0
3 1
3 2
3 1
3 2
4 2
4 3
4 2
5 2
5 1
4 1
4 0
3 0
2 0
2 1
3 1
3 0
2 0
1 0
0 0
1 0
0 0
1 0
2 0
2 1
3 1
3 0
2 0
1 0
2 0
2 1
3 1
3 0
4 0
3 0
2 0
3 0
4 0
5 0
5 1
5 0
5 1
4 1
5 1
5 2
5 1
4 1
5 1
5 0
6 0
6 1
5 1
4 1
5 1
6 1
5 1
5 0
6 0
7 0
6 0
7 0
7 1
7 0
6 0
6 1
7 1
6 1
5 1
5 0
6 0
5 0
5 1
6 1
7 1
8 1
8 0
9 0
8 0
9 0
10 0
11 0
11 1
10 1
9 1
8 1
7 1
7 0
6 0
5 0
4 0
3 0
2 0
2 1
3 1
3 0
2 0
2 1
3 1
3 2
4 2
3 2
4 2
4 3
4 2
3 2
4 2
4 3
5 3
4 3
4 2
5 2
4 2
4 1
3 1
3 0
4 0
3 0
3 1
3 0
3 1
3 0
4 0
3 0
3 1
3 0
2 0
1 0
0 0
1 0
2 0
3 0
2 0
2 1
3 1
3 2
4 2
4 1
3 1
3 0
4 0
3 0
3 1
3 0
3 1
2 1
3 1
3 2
3 1
2 1
3 1
3 2
3 1
2 1
2 0
1 0
2 0
2 1
2 0
3 0
3 1
4 1
4 2
3 2
4 2
3 2
3 1
3 0
3 1
3 2
3 1
3 0
3 1
3 0
4 0
3 0
4 0
5 0
6 0
6 1
6 2
5 2
5 1
5 0
6 0
6 1
5 1
5 0
5 1
4 1
4 0
5 0
4 0
4 1
3 1
3 0
4 0
4 1
4 2
4 1
4 2
5 2
5 1
5 0
4 0
5 0
6 0
6 1
7 1
7 0
6 0
7 0
7 1
7 2
8 2
7 2
7 3
7 4
7 5
6 5
6 4
5 4
5 3
6 3
6 2
6 1
6 2
5 2
4 2
3 2
4 2
5 2
6 2
7 2
7 1
7 0
7 1
7 2
7 3
6 3
6 2
7 2
7 1
7 0
7 1
7 0
7 1
6 1
7 1
8 1
9 1
9 0
9 1
9 2
9 3
9 2
9 1
10 1
9 1
9 2
9 3
9 4
9 3
9 4
10 4
10 5
11 5
10 5
11 5
11 4
11 5
11 6
11 5
11 6
11 5
11 4
12 4
13 4
14 4
13 4
14 4
14 5
13 5
12 5
12 6
12 5
11 5
11 4
11 5
11 6
11 5
10 5
9 5
9 6
10 6
9 6
10 6
11 6
11 5
11 6
10 6
10 5
10 6
10 7
10 8
11 8
12 8
12 9
13 9
14 9
14 10
14 9
14 10
14 9
14 8
