0
10.048325314224694 20.741529764229647 28.932999612291066 30.789855078454337 25.44325285345186 15.394927539227172 5.346602225002485 0 1.8568554661632781 10.04832531422469
0 0 6.873459328308151 17.40420997521767 26.664796676782764 30.322087995384134 26.664796676782764 17.404209975217675 6.87345932830816 0
4 20
5 20
5 21
5 22
5 21
4 21
3 21
3 22
4 22
5 22
4 22
5 22
6 22
7 22
7 23
6 23
7 23
7 24
6 24
6 25
6 26
7 26
7 27
8 27
7 27
8 27
8 26
8 25
7 25
7 24
8 24
9 24
10 24
9 24
8 24
8 25
7 25
7 24
7 25
7 24
6 24
5 24
6 24
7 24
7 23
7 22
8 22
8 21
8 22
8 21
7 21
8 21
8 20
9 20
10 20
9 20
9 19
9 20
10 20
11 20
10 20
10 19
11 19
12 19
13 19
13 20
14 20
14 19
13 19
14 19
13 19
14 19
15 19
16 19
16 20
15 20
14 20
13 20
12 20
12 21
13 21
14 21
15 21
15 20
16 20
16 19
16 20
16 21
16 20
16 21
16 20
16 19
16 18
16 19
16 18
15 18
16 18
17 18
17 17
18 17
17 17
17 18
17 19
16 19
16 18
16 19
17 19
17 18
17 19
16 19
16 18
16 17
16 18
16 19
16 20
17 20
17 19
16 19
17 19
18 19
17 19
17 18
16 18
15 18
16 18
17 18
18 18
18 17
19 17
19 18
19 19
19 20
20 20
21 20
21 21
21 20
22 20
21 20
21 19
21 18
21 19
22 19
22 18
22 17
22 16
23 16
24 16
23 16
23 15
23 14
24 14
24 15
24 16
23 16
22 16
22 15
21 15
21 14
20 14
20 13
21 13
21 14
21 13
21 12
20 12
21 12
22 12
22 11
23 11
22 11
23 11
23 12
23 13
23 14
23 15
24 15
23 15
24 15
24 16
25 16
24 16
24 15
23 15
23 16
24 16
24 15
23 15
22 15
22 14
22 15
23 15
23 14
23 13
23 14
24 14
25 14
24 14
24 13
24 14
23 14
22 14
23 14
22 14
23 14
23 15
23 14
22 14
22 13
21 13
21 12
21 13
21 14
21 15
22 15
23 15
24 15
25 15
26 15
26 16
25 16
26 16
27 16
26 16
27 16
28 16
28 15
27 15
27 16
27 17
26 17
26 16
27 16
27 15
26 15
27 15
26 15
26 16
26 15
27 15
27 16
27 15
28 15
28 16
28 15
29 15
29 14
29 13
29 12
28 12
29 12
28 12
29 12
29 11
29 12
28 12
28 11
28 10
28 11
28 12
27 12
28 12
28 11
28 10
27 10
26 10
25 10
25 9
25 10
24 10
24 9
25 9
25 10
25 9
24 9
23 9
23 8
24 8
24 7
23 7
24 7
24 6
25 6
26 6
26 5
26 6
25 6
25 5
24 5
23 5
22 5
22 4
22 5
22 6
22 5
22 4
22 5
22 6
22 7
22 6
22 7
21 7
22 7
23 7
24 7
23 7
23 8
23 7
24 7
24 6
24 5
24 6
24 5
24 4
25 4
24 4
23 4
22 4
21 4
21 5
20 5
19 5
20 5
20 6
19 6
19 5
20 5
19 5
18 5
18 6
18 5
17 5
18 5
17 5
18 5
18 4
18 3
19 3
19 4
18 4
18 3
17 3
16 3
17 3
17 2
17 1
18 1
17 1
17 2
17 3
17 4
18 4
19 4
19 5
19 4
18 4
18 5
18 6
18 5
17 5
18 5
19 5
20 5
21 5
21 6
21 7
21 8
21 7
20 7
20 8
20 7
20 6
20 5
21 5
22 5
21 5
21 6
22 6
22 7
22 8
22 7
22 8
22 9
22 8
22 7
23 7
22 7
22 8
21 8
21 7
21 6
20 6
21 6
21 7
21 6
21 5
20 5
19 5
20 5
20 4
20 5
21 5
21 4
21 5
22 5
22 6
21 6
21 7
21 8
20 8
21 8
21 7
22 7
21 7
22 7
21 7
20 7
20 6
20 5
19 5
18 5
18 6
18 5
18 6
19 6
19 7
20 7
20 6
19 6
18 6
17 6
18 6
17 6
17 5
17 4
17 3
17 4
18 4
17 4
17 5
16 5
16 4
16 5
16 4
16 3
16 4
16 5
15 5
15 4
14 4
14 5
14 6
15 6
16 6
16 5
15 5
15 4
16 4
16 3
15 3
15 2
14 2
14 3
14 4
14 5
15 5
15 6
16 6
15 6
15 7
14 7
14 8
15 8
14 8
15 8
16 8
16 9
17 9
17 8
18 8
17 8
17 7
18 7
19 7
19 6
19 7
19 6
20 6
21 6
21 7
20 7
19 7
19 6
19 7
20 7
20 8
20 7
21 7
21 8
22 8
21 8
20 8
20 9
21 9
20 9
19 9
19 10
18 10
17 10
17 11
18 11
19 11
18 11
17 11
17 10
17 11
18 11
19 11
19 10
19 9
18 9
18 8
19 8
19 9
20 9
19 9
18 9
17 9
17 8
17 7
17 6
18 6
17 6
16 6
15 6
16 6
16 5
16 6
16 7
16 6
17 6
18 6
19 6
18 6
19 6
18 6
18 5
17 5
16 5
15 5
16 5
17 5
17 6
18 6
18 7
17 7
18 7
18 6
18 7
18 8
19 8
18 8
18 9
17 9
18 9
18 10
17 10
17 9
16 9
15 9
16 9
15 9
15 10
15 11
14 11
14 12
13 12
12 12
12 11
13 11
14 11
15 11
16 11
17 11
18 11
17 11
16 11
16 12
15 12
16 12
15 12
16 12
16 13
15 13
14 13
14 14
15 14
14 14
14 13
15 13
15 14
15 15
14 15
13 15
12 15
12 14
12 13
11 13
11 12
10 12
11 12
12 12
13 12
13 11
14 11
14 12
14 11
13 11
12 11
13 11
12 11
12 12
12 13
13 13
13 14
13 13
12 13
12 14
11 14
10 14
11 14
12 14
12 13
13 13
12 13
12 14
13 14
13 15
12 15
13 15
12 15
12 14
11 14
11 13
11 12
12 12
13 12
13 11
13 12
12 12
11 12
11 13
10 13
9 13
9 12
10 12
10 13
9 13
9 12
8 12
9 12
9 11
9 10
8 10
8 9
7 9
6 9
6 10
5 10
6 10
6 9
6 8
6 7
7 7
7 8
6 8
6 7
6 6
6 7
5 7
6 7
6 8
7 8
7 7
7 8
7 7
8 7
9 7
9 8
8 8
8 7
8 8
7 8
7 9
7 10
6 10
7 10
7 11
7 12
8 12
7 12
8 12
8 11
8 10
8 11
9 11
9 10
9 9
9 8
9 9
9 10
9 9
8 9
7 9
7 10
7 11
7 10
7 9
7 10
8 10
8 11
8 12
9 12
10 12
10 13
11 13
12 13
13 13
12 13
12 14
11 14
10 14
10 15
10 14
10 15
9 15
9 14
9 13
10 13
11 13
12 13
12 14
13 14
14 14
13 14
12 14
12 15
13 15
12 15
11 15
11 14
11 15
11 14
12 14
13 14
13 13
14 13
14 14
15 14
14 14
13 14
13 15
14 15
14 14
13 14
14 14
13 14
12 14
11 14
11 15
10 15
10 16
10 15
9 15
9 16
10 16
11 16
10 16
9 16
10 16
11 16
11 15
10 15
11 15
12 15
13 15
12 15
12 14
13 14
12 14
13 14
14 14
14 13
15 13
15 12
14 12
13 12
12 12
13 12
12 12
13 12
13 13
12 13
11 13
11 14
11 13
11 14
12 14
12 15
12 16
12 17
13 17
13 16
14 16
15 16
15 17
16 17
15 17
15 18
15 17
14 17
15 17
16 17
16 16
17 16
17 17
16 17
16 18
16 17
15 17
16 17
15 17
16 17
16 18
17 18
18 18
19 18
20 18
21 18
22 18
22 17
22 18
22 17
23 17
22 17
21 17
21 18
21 19
20 19
20 20
19 20
20 20
21 20
21 21
21 22
20 22
20 21
19 21
18 21
17 21
16 21
16 22
17 22
16 22
15 22
14 22
14 21
14 20
15 20
15 21
16 21
16 22
16 21
17 21
16 21
15 21
15 20
15 19
16 19
16 20
16 19
16 20
16 19
16 18
17 18
17 19
16 19
15 19
15 20
14 20
14 21
15 21
16 21
15 21
15 22
15 23
16 23
17 23
16 23
16 22
17 22
17 21
18 21
18 20
19 20
19 19
18 19
17 19
16 19
15 19
15 18
14 18
15 18
15 19
15 18
14 18
13 18
14 18
15 18
14 18
15 18
15 17
15 18
16 18
16 19
17 19
17 20
16 20
16 19
16 20
16 19
17 19
17 18
17 17
17 16
17 15
17 16
17 15
16 15
16 16
16 17
17 17
17 16
16 16
16 15
16 16
15 16
14 16
14 17
14 18
13 18
12 18
11 18
12 18
12 17
12 18
12 19
12 20
11 20
12 20
12 21
12 22
12 23
13 23
13 24
12 24
11 24
12 24
11 24
10 24
10 25
10 24
9 24
10 24
10 23
10 24
9 24
9 25
8 25
7 25
7 26
8 26
8 27
7 27
8 27
8 26
8 27
8 26
8 27
9 27
8 27
7 27
7 26
6 26
7 26
7 27
8 27
8 26
8 25
8 24
7 24
7 23
8 23
8 22
7 22
6 22
6 21
7 21
8 21
8 22
9 22
8 22
8 21
7 21
7 20
8 20
8 21
8 22
9 22
9 21
9 22
9 21
9 20
9 19
9 20
9 21
9 20
9 21
8 21
8 22
9 22
9 21
8 21
8 20
8 19
7 19
6 19
7 19
7 20
6 20
6 19
5 19
5 20
5 21
5 20
5 19
5 20
5 21
4 21
4 22
5 22
5 21
5 20
5 21
5 20
4 20
4 21
4 20
5 20
5 21
4 21
4 20
5 20
6 20
6 21
5 21
5 22
5 21
5 20
5 21
5 20
5 21
6 21
6 20
5 20
5 21
5 22
5 23
6 23
7 23
7 22
6 22
7 22
8 22
8 21
7 21
7 22
6 22
6 23
6 22
5 22
6 22
5 22
6 22
6 21
5 21
6 21
7 21
7 22
7 21
7 22
7 23
6 23
6 22
6 21
7 21
6 21
7 21
6 21
5 21
6 21
6 20
6 21
5 21
5 22
4 22
4 23
5 23
5 22
6 22
6 21
6 20
6 19
5 19
5 20
5 19
5 18
5 19
5 18
6 18
6 17
5 17
6 17
6 16
5 16
5 17
5 18
4 18
4 17
4 18
4 17
4 16
3 16
3 15
3 16
3 17
3 16
2 16
3 16
2 16
1 16
2 16
1 16
1 15
2 15
2 14
2 15
3 15
3 14
3 13
2 13
2 12
2 13
1 13
1 12
2 12
1 12
1 13
1 12
2 12
2 11
2 12
2 13
2 12
2 13
2 14
2 15
2 14
2 13
2 12
3 12
4 12
5 12
5 11
